3
[0.45376192111428676, 0.6239295055580081, 0.43462412477549084, 0.2745686678124602, 0.09788804955662994, 0.1125778555433604, 0.08016679031043866, 0.08996337934788141]
4
[0.35988368526463416, 0.4754248188274973, 0.6138398654241127, 0.4877955489104488, 0.3465209026488767, 0.2125965402521988, 0.19991419025630786, 0.18792344989275686]
4
[0.353208524586377, 0.5931398590600296, 0.7270590819017702, 0.5640902882904074, 0.39087379707732683, 0.2208793548717092, 0.21419772665488243, 0.0452831396155931]
4
[0.5582391300401129, 0.6408315996043185, 0.7565699569161709, 0.6246026013034274, 0.4344722305616047, 0.4161138915910445, 0.08241820758529166, 0.08669224666544097]
4
[0.478239694955905, 0.6671713733408409, 0.7731430937137466, 0.5755072060922733, 0.4108385244229152, 0.25695203568422237, 0.27083899549624635, 0.2742061026045862]
