3
[0.51522881561693, 0.6478438039809152, 0.47649509155306524, 0.28173391144931414, 0.08406389080706654, 0.08653552934082866, 0.0875326752389239, 0.09172906091475858]
4
[0.4016894963958451, 0.5444745410829966, 0.6845075013334476, 0.5248416370360647, 0.3572221268185795, 0.35069145672670315, 0.19331502986990717, 0.19430027230323973]
4
[0.4434064519831, 0.5706938305257262, 0.7414463911042788, 0.5697937236448122, 0.391958052077332, 0.2162560883683172, 0.22884874193546137, 0.21124585013308425]
4
[0.46490729506716433, 0.6957313782010942, 0.7553644701473977, 0.5575285726751754, 0.4316843268966199, 0.23310790825897174, 0.2553403013902404, 0.26093419896954845]
4
[0.4011891439135298, 0.6146249380282758, 0.7313863170031569, 0.6053548543306874, 0.491321162659345, 0.46540560349967824, 0.18217791066156522, 0.1400480471246698]
