tensor([44.8329, 40.5355,  0.0000,  0.0000, 34.5841,  0.0000, 34.3356, 33.7590,
        41.7131,  0.0000,  0.0000,  0.0000,  0.0000, 42.8782, 32.5912,  0.0000,
        38.4274, 48.5571,  0.0000,  0.0000, 31.2500,  0.0000,  0.0000,  0.0000,
        34.6785,  0.0000,  0.0000, 35.2612, 42.0766,  0.0000, 38.7219, 45.0044,
        41.0405,  0.0000,  0.0000,  0.0000, 38.3226,  0.0000, 32.3537, 37.5196,
         0.0000, 35.5204, 37.7706,  0.0000, 35.5516,  0.0000, 36.6936,  0.0000,
        43.0852, 35.0608,  0.0000, 32.8917,  0.0000,  0.0000, 44.2960, 34.3579,
        30.9982,  0.0000,  0.0000,  0.0000])
tensor([ 57.8600,  66.5939,   0.0000,   0.0000,  34.5841,   0.0000,  66.8545,
         42.2701,  41.7131,   0.0000,   0.0000,  53.2295,   0.0000,  55.9823,
         83.2008,   0.0000,  38.4274,  48.5571,  58.4644,   0.0000,  31.2500,
         56.2543,  90.3612,   0.0000,  46.0794,   0.0000,  66.4748, 105.6920,
         58.8349,  64.3285,  38.7219,  42.9515,  41.0405,  43.5052,  66.9502,
         59.3003,  38.3226,   0.0000,  32.3537,  60.1512,   0.0000,  67.0125,
         60.5004,  77.5520, 105.0626,  40.4331,  36.1586,  79.6921,  56.8576,
         35.0608,  57.9427,  32.8917,   0.0000,   0.0000,  44.2960,  34.3579,
         45.0578,   0.0000,   0.0000,   0.0000])
tensor([ 57.8600,  66.5939,  43.5431,   0.0000,  34.5841,  58.4622,  26.4750,
         42.2701,  41.7131,   0.0000,  32.8907,  19.9587,  56.7705,  55.9823,
         83.2008,  22.4942,  18.0276,  48.5571,  54.6408,  44.9312,  31.2500,
         56.2543,  90.3612,  62.0678,  46.0794,  16.9421,  79.5023,  29.4270,
         91.0372,  64.3285,  17.1158,  77.9198,  17.2745,  43.5052,  66.9502,
         91.5844,  38.3226,  31.9093,  73.6785,  60.1512,   0.0000,  67.0125,
        114.9093,  77.5520, 105.0626,  73.0921,  44.0798,  47.5849,  56.8576,
         61.3737,  57.9427,  32.8917,   0.0000,  62.1079,  44.2960,  25.6176,
         45.0578,  21.7841,   0.0000,  51.3087])
tensor([163.5082,  13.4283,  53.3604,   0.0000,  34.5841,  58.4622,  26.4750,
         42.2701,  41.7131,   0.0000, 112.8136,  19.9587,  10.3340,  55.9823,
         62.1878,  22.4942,  18.0276,  48.5571,  54.6408,  25.8973,  31.2500,
         56.2543,  86.0060,   9.1785,  46.0794,  88.6463,  79.5023,  29.4270,
         91.0372,  89.3629, 214.5302,  83.3586,  84.9752,   6.6742,  18.0504,
         57.3821,  38.3226, 185.6376,  73.6785,  60.6729,   0.0000,  14.3826,
         62.1312,  77.5520, 132.1565,  33.0531,  53.7194,  47.5849,  54.5225,
         61.3737, 163.7833,  32.8917,   0.0000,  17.9890,  44.2960, 102.9213,
         11.5909,  21.7841,  27.1937,  51.3087])
tensor([ 30.6521,  13.4283,  53.3604,  71.4299,  34.5841,  58.4622,  26.4750,
         42.2701,  27.7465,   0.0000, 112.8136,  19.9587, 180.9064,  85.9368,
         50.9808,  22.4942,  18.0276,  37.2011,  54.6408,  25.8973,  31.2500,
         19.4300,  58.1317, 147.1311,  59.3911,  88.6463,  31.2835,  72.6162,
         91.0372,  89.3629,  33.6965,  54.8069,  44.6932,   7.2134,  18.0504,
         86.6678,  34.6589,  54.5420,  60.1583,  60.6729,  63.6701,  14.3826,
         43.6814,  77.5520, 132.1565,  33.0531,  60.9304,  50.9029,  54.5225,
         61.3737,  30.4876,  60.3873,  33.4403,  17.9890,  36.4705, 102.9213,
         11.5909, 100.5596,  27.1937,  51.3087])
tensor([191.0498,  58.8097,  27.5735,  71.4299,  28.3259,  29.0539,  26.4750,
         16.6032, 127.0863,   0.0000, 133.4725,  57.6533, 180.9064,  85.9368,
        119.8386, 222.3459, 244.2069, 194.0322, 195.9144,  25.8973,  31.2500,
         19.4300, 164.6662, 147.1311,  59.3911,  88.6463,  31.2835,  72.6162,
         72.8679,  89.3629,  33.6965,  54.8069,  35.4855,   7.2134,  18.0504,
         92.8329,  34.6589, 240.9151,  22.5954,  60.6729, 123.5230,  14.3826,
         43.6814, 125.0446, 132.1565,  18.1622,  60.9304,  50.9029,  54.5225,
         61.3737, 268.6163, 164.4253,  33.4403,  17.8701, 185.4391,  96.7109,
         11.5909,  35.8698,   8.1979,  51.3087])
tensor([191.0498, 152.9369,  27.5735,  71.4299,  56.9374,  29.0539,  85.4525,
         37.6154, 127.0863,   0.0000,  48.0528,  57.6533,  24.4378, 161.3246,
         94.6291, 222.3459,  48.4105, 121.0371, 119.5152,  35.8318,  92.2331,
         57.0752, 164.6662, 147.1311,  58.5533,  66.7351, 162.6653, 119.6617,
         72.8679,  65.1278,  73.1569,  54.1743,  44.8587,  41.7882, 117.6684,
         92.8329,  34.6589, 240.9151,  22.5954,  60.6729, 112.1734, 180.3824,
         81.4194, 125.0446, 128.7587,  33.9715,  46.2043,  50.9029,  54.5225,
         61.3737, 268.6163, 164.4253,  33.4403,  17.8701, 185.4391,  96.7109,
         11.5909,  35.8698,   8.1979,  51.3087])
tensor([191.0498, 111.6220,  56.3605,  36.8253,  55.6969,  29.0539,  85.4525,
         37.6154,  41.8466,   0.0000,  42.7469,  57.6533,  24.4378,  95.3489,
        151.3026, 222.3459,  48.4105, 121.0371, 119.5152,  34.0066,  89.4524,
         57.0752, 164.6662, 147.1311,  58.5533, 105.5766, 162.6653, 159.7812,
         92.1232,  65.1278,  73.1569,  54.1743,  50.1237,  96.6265,  98.8492,
         92.8329,  51.0888,  78.1004,  53.8598,  60.6729, 150.7137, 122.1924,
         81.4194, 124.3285, 166.5568,  53.1047,  54.5032, 141.8237,  54.5225,
         28.8074,  57.3268, 164.4253,  75.6017,  17.8701, 185.4391,  96.7109,
         25.3894,  35.8698,   8.1979,  51.3087])
tensor([ 33.9212, 111.6220,  75.5374,  36.8253,  86.1925,  29.0539,  76.7452,
         37.6154,  42.7168,   0.0000,  42.4402,  57.6533,  29.3694,  81.2703,
        151.3026, 222.3459,  34.6574, 121.0371, 119.5152,  36.2848,  89.4524,
         57.0752, 169.7084, 147.1311,  72.2925, 105.5766,  85.2872, 125.0493,
         92.1232, 113.2840,  30.4083,  48.5311,  57.0740,  96.6265,  98.8492,
         76.7745,  37.8008,  43.0472,  71.6069,  80.8213, 150.7137, 122.1924,
         81.4194, 124.3285, 166.5568,  71.0285,  71.8780, 135.5342,  65.3574,
         28.8074,  57.3268, 164.4253,  75.6017,  36.2957, 185.4391,  65.7329,
         25.3894,  35.8698,  35.8311,  51.3087])
tensor([ 33.9212,   4.6941,  64.7301,  36.8253,  41.4066,  29.0539,  70.2413,
         37.6154, 105.6139,   0.0000, 105.4555,  57.6533, 123.8108, 123.5200,
        151.3026,  91.7159,  34.6574, 116.0123, 111.9158,  36.2848,  54.2674,
         67.9963, 121.1791, 147.1311,  39.0464,  77.8620,  85.2872, 103.2027,
         92.1232, 113.2840,  30.4083,  85.6487,  41.5851,  96.6265,  10.0542,
        107.2541, 126.8792,  76.1328,  71.6069,  78.0816, 150.7137, 122.1924,
         79.3214, 124.3285, 166.5568,  71.0285,  71.8780, 135.5342,  65.3574,
         28.8074,  57.3268, 164.4253,  75.6017, 118.1196, 101.6151,  61.9470,
         25.3894,  44.7841, 102.9211,  51.3087])
tensor([ 33.9212,   4.6941,  75.9990,  36.8253,  71.2121,  29.0539,  94.2321,
         32.1610, 144.9007,  57.1836, 145.6867,  57.6533, 123.8108, 109.7562,
        151.3026, 156.9579, 171.1368, 168.3642, 164.3414,  36.2848,  68.2705,
        153.0078, 121.1791,  27.1842,  63.4321,  77.8620,  23.2203, 103.2027,
         92.1232, 113.2840,  30.4083,  86.4144,  53.7511,  96.6265,  22.9521,
         99.4634, 126.8792, 123.4248,  60.0369,  78.0816, 150.7137, 122.1924,
         79.3214, 124.3285, 166.5568,  71.0285,  71.8780,  73.1756, 108.8550,
         28.8074,  57.3268,  92.1106, 114.8021, 118.1196, 101.6151,  61.9470,
         30.6783,  44.7841,  64.6909,  15.1791])
tensor([ 31.7869,   4.6941,  52.2230,  36.8253,  95.4542, 209.7501,  58.2440,
         33.4400,  51.7736,  57.1836, 145.6867,  57.6533, 123.8108, 109.7562,
         52.3841, 156.9579, 171.1368,  72.3659,  71.2197,  36.2848,  68.2705,
         42.2662, 121.1791, 261.3638,  89.9336,  77.8620, 255.6319, 103.2027,
         92.1232,  45.7838,  30.4083,  86.4144,  52.3792,  96.6265, 171.3345,
        171.6654,  36.5108,  37.1244,  60.0369,  64.5040, 150.7137, 272.2695,
         79.3214, 124.3285,  74.7078,  71.0285,  52.0141,  53.1146, 194.5865,
         28.8074,  45.8110,  55.6003, 114.8021, 118.1196,  29.0583,  61.9470,
         30.6783,  52.3198,  64.6909,  15.1791])
tensor([ 74.1136,  87.2431,  84.2382,  36.8253,  95.4542, 209.7501, 120.1520,
         78.0077,  51.7736,  57.1836,  65.0512,  57.6533,   5.2711,  62.3364,
         52.3841,  88.8956,  99.7664,  72.3659,  93.5267,  36.2848, 121.4349,
         42.2662, 121.1791, 261.3638, 101.2236,  77.8620, 107.6927, 146.3297,
         75.8274,  45.7838,  89.9393,  86.4144,  52.3792,  96.6265, 103.7772,
         78.8562,  88.6215,  76.3732,  60.0369,  64.5040, 150.7137, 272.2695,
         79.3214, 156.6928, 227.0167,  71.0285,  52.0141,  53.1146,  62.7976,
         28.8074,  93.6684, 171.6063, 114.8021, 118.1196,  29.0583, 108.2331,
         13.4702,  69.3532,  30.1455,  15.1791])
tensor([ 74.1136,  87.2431,  38.7824,  36.8253,  65.7997, 209.7501, 120.1520,
         29.5498,  51.7736,  57.1836,  65.0512,  56.0255,  46.2785,  92.5868,
         52.3841, 156.8777, 181.8540,  72.3659, 128.2292,  54.8871,  60.1960,
         42.2662,  77.7081, 162.9768, 101.2236,  69.6908, 107.6927, 146.3297,
         96.7592,  71.2121, 146.8322,  86.4144,  52.3792,  96.6265,  87.9286,
         78.8562,  88.6215,  76.3732,  46.9136,  56.0956, 150.7137, 163.9018,
         79.3214,  88.6216, 122.1569,  71.0285,  37.9387,  53.1146,  62.7976,
         28.8074, 155.8308, 171.6063, 129.1369,  32.9077,  29.0583,  74.9824,
         62.5298,  69.3532,  30.1455,  76.4086])
tensor([ 74.1136,  57.9941,  74.0658,  36.8253,  65.7997,  73.6985, 101.8018,
         29.5498,  51.7736,  57.1836,  65.0512, 143.3999,  46.2785,  92.5868,
        127.0452,  41.1122, 181.8540,  40.8895, 128.2292, 120.5952, 176.6077,
         27.0782,  77.7081, 162.9768, 117.9431, 103.0443, 107.6927, 146.3297,
         63.6550,  71.2121, 146.8322,  86.4144,  52.3792,  96.6265,  75.8885,
         65.6072,  42.0547,  25.4247,  46.9136,  56.0956, 121.3451,  43.2193,
         79.3214,  88.6216, 122.1569,  88.9563,  74.2779, 128.7399,  57.8632,
         58.4188,  28.3832, 171.6063,  25.0354,  97.0574,  48.4552,  74.9824,
         62.5298,  35.6109,  30.1455,  76.4086])
tensor([ 54.1695, 234.2696,  74.0658,  36.8253,  99.1405,  73.6985,  70.5946,
         29.5498,  51.7736,  26.5146,  65.0512,  73.2978,  46.2785,  92.5868,
        127.0452,  41.1122, 181.8540,  68.4376,  69.2677,  52.7883,  70.7923,
         27.0782, 126.8640, 162.9768, 117.9431, 103.0443, 107.6927, 146.3297,
         63.6550,  71.2121,  82.2982,  45.1246,  44.9314,  96.6265,  75.8885,
        151.7095,  42.0547,  60.3551,  46.9136,  51.8367, 108.3645, 249.2491,
         52.7837, 106.5053,  70.4327,  47.3656,  64.8419, 128.7399, 156.9892,
         58.4188,  81.6334, 171.6063,  57.4228,  97.0574,  54.1769,  69.7628,
         13.9519,  35.6109,  30.1455,  76.4086])
tensor([142.6988, 234.2696,  81.8081,  56.5672,  99.3148,  73.6985,  70.5946,
         29.5498,  51.7736,  76.6685,  96.9453, 158.1508,  29.8226,  52.8807,
        127.0452, 146.6496, 146.8907,  68.4376,  69.2677,  64.9087, 165.6480,
         27.0782, 126.8640, 162.9768, 117.9431, 103.0443, 107.6927, 208.0647,
         66.0444, 135.5625,  82.2982,  45.1246,  44.9314,  96.6265,  30.9545,
         67.6152, 148.5781,  60.3551,  68.3143,  94.3920, 108.3645, 249.2491,
         52.7837, 167.5580, 191.3954,  47.3656,  81.7361, 144.9378, 156.9892,
         18.1745, 171.0826, 171.6063,  57.4228,  97.0574,  54.1769,  69.7628,
         45.4822,  49.7663,  25.6358,  76.4086])
tensor([ 80.1742,  10.0390,  81.8081,  66.5171,  99.3148,  38.2854,  70.5946,
         29.5498,  43.9168,  76.6685,  42.5087, 103.9690,  29.8226,  52.8807,
         93.0528, 146.6496,  41.2464,  69.2952,  69.2677,  64.9087, 165.6480,
         55.0531, 109.0930, 162.9768, 117.9431,  88.2569,  17.3761, 208.0647,
         66.0444, 135.5625,  82.2982,  58.6339,  44.9314,  96.6265,  76.6956,
         67.6152,  69.5431,  45.2606,  92.3292,  94.3920, 108.3645,  14.5641,
         65.2118, 167.5580,  78.2753, 105.7745,  81.7361,  93.9758, 156.9892,
         18.1745,  52.9645, 171.6063,  57.4228, 126.5393,  76.5547,  64.4793,
        236.8738,  49.7663,  25.6358,  76.0627])
tensor([ 80.1742,  10.0390,  81.8081,  49.3558,  72.9846,  38.2854,  70.5946,
         29.5498,  43.9168,  29.4613, 122.9489, 103.9690,  29.8226,  64.3564,
        135.2325, 189.5446,  41.2464, 138.8293,  69.2677,  29.0124, 107.1388,
        166.9149, 109.0930,  11.8675, 117.9431,  88.2569,  52.4134, 208.0647,
         68.6130, 135.5625, 189.1823,  51.6280,  40.7777,  32.1724,  76.6956,
         69.8217, 176.3493,  45.2606,  92.3292,  82.4964, 122.5359,  52.4165,
         65.2118, 136.5374,  78.2753,  64.0567,  71.5666,  93.9758, 156.9892,
         18.1745,  52.9645, 182.7442,  57.4228, 126.5393, 136.5342,  64.4793,
        236.8738,  41.2980,  33.9461,  76.0627])
tensor([ 80.1742,  10.0390,  81.8081, 110.4525,  72.9846, 101.1674,  70.5946,
         76.3280,  43.9168,  53.8518,  93.7443,  96.5194,  29.8226, 144.6257,
        135.2325, 189.5446,  71.0045, 108.0929,  69.2677,  68.2135, 107.1388,
        166.9149,  77.4229, 130.9337, 117.4848,  95.3953,  52.4134, 103.7754,
         68.6130,  96.1570, 189.1823, 120.2823,  79.2523,  32.1724,  76.6956,
        140.1799,  71.7766,  45.2606,  85.7428,  82.4964, 122.5359,  52.4165,
         65.2118,  93.5068, 104.5300,  64.0567,  71.5666,  93.0361, 156.9892,
        132.4169,  52.9645, 182.7442,  50.8079,  55.0803,  53.8668,  64.4793,
        236.8738,  77.9150,  33.9461, 122.7491])
tensor([ 80.1742,  10.0390, 102.6396, 110.4525,  72.9846,  49.8566, 104.5971,
         41.7541,  64.6266,  53.8518,  87.2493,  96.5194,  29.8226,  37.1409,
        135.2325, 122.6466, 125.6176,  80.9891,  69.2677,  68.2135, 143.6310,
        166.9149,  77.4229, 130.9337, 104.2172, 163.8769,  52.4134, 164.7997,
         47.1148,  96.1570, 189.1823,  68.1048,  93.9947,  33.5281,  76.6956,
        140.1799,  71.7766,  45.2606,  85.7428,  81.7319, 167.7096,  52.4165,
         73.8887, 177.9994, 167.7184,  64.0567,  99.6329, 159.5565,  36.9282,
         42.8797,  52.9645, 214.7236,  50.8079,  55.0803,  53.8668,  64.4793,
         29.0666,  77.9150,  33.9461,  39.4507])
tensor([ 53.4540,  79.0049, 102.6396, 110.4525,  72.9846,  49.8566, 104.5971,
        107.1267,  64.6266,  27.9946,  87.2493, 158.7451,  16.2406,  76.9195,
        135.2325,  83.7807,  89.7560,  91.3807,  82.1386,  38.4074, 143.6310,
        166.9149,  77.4229, 130.9337, 127.4512, 163.8769,  74.7812, 164.7997,
         83.4624,  96.1570, 189.1823,  68.1048,  93.9947,  83.1864,  90.7859,
         84.7904,  71.7766,  50.4689,  79.3664,  81.7319, 179.6480,  52.4165,
        116.3462, 187.9646, 167.7184,  64.0567,  99.6329, 182.3210,  36.9282,
         74.9059,  56.1747, 214.7236,  59.3891,  28.9739,  50.1437,  64.4793,
         29.0666,  77.9150,  33.9461,  78.0199])
tensor([139.8605, 126.1323, 102.6396, 110.4525,  61.9186,  49.8566,  47.7546,
         33.1617, 117.8331,  27.9946, 155.0186, 158.7451,  16.2406, 110.9466,
        135.2325,  83.7807, 281.4732,  91.3807, 135.4851,  38.4074, 143.6310,
        166.9149,  43.9821, 151.5227,  61.5115, 163.8769, 137.5721, 164.7997,
        103.9412,  96.1570, 189.1823,  52.7878,  30.2291,  83.1864, 117.1452,
        105.1680, 204.4857,  50.4689,  79.3664,  81.7319, 179.6480,  52.4165,
         62.9895,  38.6677, 167.7184,  51.7403,  50.3042,  38.3677, 111.4944,
         74.9059, 157.4543,  34.5497,  59.3891,  53.9955,  50.1437,  64.4793,
         29.0666,  29.3471,  33.9461,  78.0199])
tensor([110.2544, 126.1323, 102.6396, 110.4525,  61.9186,  49.8566,  47.7546,
         61.0595, 117.8331,  27.9946, 155.0186, 158.7451,  39.2626, 146.9973,
        135.2325,  83.7807, 281.4732, 160.8205, 135.4851,  55.0270,  99.5188,
        132.1125,  74.8050, 151.5227, 117.4478,  63.0985, 137.5721, 116.8175,
        143.2617,  61.7695, 189.1823, 102.9740,  45.9374,  61.0523, 102.9054,
        105.1680, 203.7955,  95.0532,  79.3664,  81.7319, 179.6480,  52.4165,
         62.9895,  78.3606, 167.7184,  68.5305,  50.3042,  38.3677, 146.5145,
        117.4097, 193.4332,  56.8801,  59.3891,  58.2999,  99.1209,  64.4793,
         36.4183,  29.3471,  44.4760,  78.0199])
tensor([130.5970,  33.5600, 102.6396, 110.4525,  48.0615,  49.8566,  47.7546,
         61.0595, 117.8331,  27.9946,  44.6603, 158.7451, 180.1650, 146.9973,
        135.2325,  99.2415, 281.4732, 160.8205,  84.3942, 149.6031,  99.5188,
         74.5582,  74.8050,  33.6879,  50.6145,  89.6902,  34.0068, 160.3898,
         55.0822,  91.1825, 189.1823,  44.8835,  45.9374,  30.7592, 102.9054,
        105.1680, 203.7955,  82.1527,  95.8358,  71.6163, 179.6480,  52.4165,
         76.4458,  78.3606, 142.8048,  93.4576,  54.9344, 105.4551, 146.5145,
        117.4097, 193.4332, 138.2202,  59.3891, 145.3157,  99.1209, 100.3237,
        227.8703,  29.3471,  44.4760,  78.0199])
tensor([ 91.7973,  33.5600, 105.0260, 110.4525,  91.4770,  49.8566, 103.0779,
         61.0595, 117.8331,  77.5296,  66.6254, 136.1452, 180.1650, 146.9973,
        135.2325,  99.2415,  95.5843,  83.5167,  84.3942,  98.0764,  99.5188,
         74.5582,  90.4743,  30.2132,  50.6145, 106.6092,  34.4324, 160.3898,
         55.0822, 103.2054, 189.1823,  55.3089,  54.2140,  30.7592,  51.8359,
        105.1680, 203.7955,  82.1527, 107.1262, 100.6837, 129.9895,  52.4165,
         76.4458, 112.8859, 142.8048, 103.3963,  54.9344, 105.4551, 146.5145,
         30.2070,  97.9466, 106.7753,  59.3891,  78.1511,  99.1209, 100.3237,
         88.3184,  29.3471,  78.9750,  32.6596])
tensor([ 91.7973,  95.6528, 105.0260, 110.4525, 125.8641,  78.0009, 103.0779,
         61.0595, 117.8331,  77.5296,  83.2039, 136.1452, 180.1650,  63.0716,
        135.2325, 123.5927, 146.3168,  70.0005,  84.3942, 125.1334,  99.5188,
         80.1505,  90.8876,  69.8759,  50.6145, 135.0011,  34.4324,  99.0513,
         69.8345, 129.4690, 189.1823,  55.3089,  66.5632,  26.1190, 106.3964,
        105.1680, 203.7955,  56.2097, 101.6838, 100.6837, 164.9451,  52.4165,
         59.8565, 147.3988, 107.0186,  98.9389,  54.9344, 101.5466, 146.5145,
         30.2070,  97.9466, 129.6653,  59.3891,  78.1511,  99.1209,  87.9296,
         88.3184,  63.1935,  78.9750,  32.6596])
tensor([ 91.7973, 160.7533, 105.0260,  34.7439, 125.8641,  78.0009, 103.0779,
         61.0595, 117.8331,  77.5296, 111.6069, 124.6184, 180.1650,  63.0716,
        175.1209, 158.1626, 209.0596,  93.5861,  84.3942,  23.2305, 115.9617,
        125.9918, 188.3058,  69.8759,  50.6145, 155.6149,  34.4324, 198.2612,
         69.8345, 150.5931, 164.2593,  55.3089,  66.5632,  26.1190, 106.3964,
         92.5874, 203.7955,  56.2097, 101.6838,  80.6696, 204.9003, 123.0101,
         59.8565, 195.7493, 107.0186,  52.2474,  66.4935, 164.1384,  83.0629,
         30.2070,  97.9466, 227.7470,  88.1718,  11.1842,  99.1209,  87.9296,
         88.3184,  63.1935,  16.1167, 144.9467])
tensor([ 91.7973, 160.7533, 124.9555,  34.7439, 144.7904,  78.0009, 103.0779,
         25.9744, 154.5883,  18.1910, 166.3540, 124.6184,   7.1691, 121.9136,
        175.1209, 199.5191, 244.4641, 106.7803,  84.3942,  73.9541, 115.9617,
        125.9918, 188.3058, 164.1332,  50.6145, 124.7702,  34.4324, 198.2612,
        120.0807, 118.8588, 164.2593,  55.3089,  66.5632,  26.6918, 106.3964,
         92.5874, 214.1840,  89.7196,  83.5529,  80.6696, 144.0391, 123.0101,
         59.8565, 195.7493, 107.0186,  52.2474, 110.7135, 164.1384, 120.3028,
        162.2720, 185.3643, 118.5754, 105.1432,  18.9680,  99.1209,  87.9296,
         88.3184,  45.1612,  52.2776, 144.9467])
tensor([ 91.7973,  42.7075, 129.3926,  70.4403, 144.7904,  78.0009,  31.6522,
         27.8006, 154.5883,  18.1910, 166.3540,  66.2254,  31.3946, 132.8730,
         53.5418, 199.5191, 244.4641, 103.1555,  84.3942,  73.9541,  63.3938,
        160.4221, 188.3058, 164.1332,  50.6145, 113.0226,  34.4324, 198.2612,
        124.5241, 118.8588, 164.2593,  68.2231,  66.5632,  31.3746, 106.3964,
        120.1626, 214.1840,  89.7196, 115.1547,  50.0955, 144.0391, 160.3141,
         59.8565,  67.3203,  24.4221,  52.2474, 110.7135, 164.1384, 132.1001,
        162.2720, 185.3643, 118.5754,  94.6530,  40.0666,  87.3856,  29.4965,
         88.3184,  54.6057, 106.0349,  63.8462])
tensor([ 25.1331,  42.7075, 156.0502,  70.4403, 144.7904, 127.4017,  31.6522,
         47.3349, 154.5883,  18.1910,  68.4494,  66.2254,  51.1885, 139.2146,
        172.1460,  50.7002,  36.5081, 103.1555,  56.1979,  73.9541, 159.6884,
         27.9451, 188.3058, 164.1332, 129.5618, 188.3922,  34.4324, 198.2612,
        135.9897, 174.5315,  30.4325,  69.7009,  66.5632,  31.3746, 106.3964,
        132.8524, 214.1840,  14.5807, 139.0587,  50.0955, 227.7384, 160.3141,
         59.8565,  67.3203,  24.4221, 117.4383, 110.7135, 164.1384, 139.7294,
        206.2680,  34.2298, 217.1062,  18.1090,  40.0666,  25.7749,  29.4965,
         88.3184,  54.6057, 106.0349,  63.8462])
tensor([161.4439,  57.4921,  50.5125,  54.1249, 144.7904,  56.4008,  31.6522,
         13.9144, 159.0177,  63.5379,  68.4494,  66.2254,  51.1885, 107.1901,
        172.1460,  50.7002, 313.8429, 164.3857,  56.1979,  39.1401, 159.6884,
         27.9451, 188.3058, 164.1332,  47.9285, 188.3922,  34.4324, 198.2612,
        135.9897, 106.3203,  30.4325,  69.7009,  66.5632,  17.1665,  34.3561,
        132.8524, 271.2320,  14.5807,  42.5346,  50.0955, 227.7384, 127.6663,
         50.3139,  90.7765,  24.4221, 117.4383, 110.7135,  61.1481, 107.1542,
        206.2680, 289.4701, 136.0836, 188.4803,  40.0666,  25.7749,  57.3986,
         28.3998,  50.3411,  39.5167,  63.8462])
tensor([161.4439, 165.0269,  50.5125,  63.8462, 144.7904, 144.3654,  31.6522,
         13.9144,  79.4630,  63.5379,  68.4494,  90.5981,  95.7182, 107.1901,
        172.1460, 130.9143, 135.6254,  56.1293,  56.1979,  39.1401, 159.6884,
        107.5512,  91.1578, 164.1332,  81.2333, 188.3922,  34.4324,  90.2836,
        140.8970, 106.3203,  30.4325,  62.0290,  66.5632,  67.2556,  34.3561,
        136.1659, 271.2320,  23.7724, 104.2837,  50.0955, 186.9149, 209.0646,
         82.8929, 148.4236,  94.0274, 107.5674, 110.7135, 123.6085, 107.1542,
        209.9149, 289.4701, 136.0836,  34.1602,  40.0666,  25.7749,  64.0154,
         28.3998,  50.3411, 115.0734,  63.8462])
tensor([161.4439, 165.0269,  85.6253,  76.7954,  93.2255,  93.5447, 110.0833,
         13.9144,  79.4630,  30.6241, 150.1694, 114.2725,  21.6730, 104.5676,
        172.1460, 130.9143, 262.5617, 134.0997,  56.1979,  39.1401, 159.6884,
        107.5512,  91.1578, 111.4754,  81.2333, 188.3922, 110.4534, 177.3629,
        140.8970, 106.3203, 196.5271,  62.0290,  75.7878,  67.2556,  87.1653,
        100.5903, 271.2320,  23.7724, 104.2837,  95.6952, 186.9149, 115.5465,
        118.1534, 161.5134,  94.0274,  92.1105,  81.0048, 136.3710, 107.1542,
        209.9149, 289.4701, 136.0836, 163.4037,  40.0666,  81.8843,  64.0154,
         21.9455,  50.3411,  69.7503,  63.8462])
tensor([161.4439, 220.7080, 116.1972,  81.4256,  93.2255, 177.7517, 110.0833,
         22.9049, 121.8344,  30.6241, 150.1694, 114.2725,  21.6730, 104.5676,
        172.1460, 130.9143, 153.6735, 109.9614,  56.1979, 106.7866, 131.7281,
        107.5512,  91.1578, 111.4754, 124.0119, 117.9533, 110.4534,  83.3341,
        177.4167, 106.3203, 196.5271,  62.0290,  75.7878,  24.1650, 166.9576,
        100.5903, 145.4801,  23.7724, 112.4882,  95.6952, 186.9149, 115.5465,
         68.4988, 136.4018,  84.1615, 111.8313,  81.0048, 110.7097, 200.5296,
        209.9149, 289.4701, 136.0836, 163.4037,  79.8513, 101.5127,  71.2078,
         71.3012,  50.3411, 145.0129, 219.1398])
tensor([161.4439,  65.4349, 116.1972,  81.4256,  93.2255, 177.7517, 140.0290,
         22.9049,  74.9015,  30.6241,  74.4647, 114.2725, 133.7135,  68.7802,
        172.1460, 106.9776, 153.6735, 109.9614,  64.4316, 166.1498, 131.7281,
         83.2188,  91.1578,  24.1220, 124.0119, 159.2756, 110.4534, 218.7639,
         80.0220, 106.3203,  78.7822,  62.0290,  46.3160,  68.0427, 117.3371,
         80.1911, 145.4801,  33.8844, 112.4882,  95.6952, 216.7772,  24.9482,
         68.4988, 208.8498,  84.1615, 111.8313, 108.9343, 110.7097,  68.7414,
        209.9149,  72.5002, 136.0836,  39.6113, 137.7898, 101.5127, 142.8088,
         71.3012,  47.4268, 145.0129, 219.1398])
tensor([ 68.7665,  65.4349,  67.0956,  81.4256,  50.0938, 177.7517, 113.6072,
         29.8787, 214.1176,  51.4183,  74.4647, 114.2725, 133.7135,  68.7802,
         52.9464, 106.9776, 153.6735, 219.8986,  64.4316,  44.2897,  36.7814,
         83.2188,  72.0507,  24.1220, 124.0119, 159.2756, 148.2104, 218.7639,
         80.0220, 106.3203,  78.7822,  62.0290, 129.0771,  45.5479,  22.7474,
         80.1911, 300.3975, 223.9570, 112.4882,  95.6952,  72.7642, 151.7754,
         68.4988, 208.8498,  97.1305, 111.8313, 108.9343,  52.3686, 137.5038,
        164.1477, 342.3098, 136.0836, 238.8244, 137.7898, 101.5127, 113.3948,
         23.8534,  47.4268,  42.6074,  80.8220])
tensor([ 68.7665,  73.7464,  67.0956,  22.0526,  85.3739, 106.2184, 113.6072,
         29.8787, 162.5915,  51.4183, 165.1982, 114.2725, 133.7135,  68.7802,
         52.9464, 238.8171, 260.7036, 189.3569,  64.4316,  54.8211,  36.7814,
        260.6045,  72.0507, 133.1299,  64.1530, 185.6555, 148.2104, 218.7639,
         80.0220, 174.4142, 271.3674,  22.5572,  34.0845, 128.7074, 106.4336,
         80.1911, 241.0275, 186.8502, 112.4882,  95.6952, 204.2513, 153.5286,
         68.4988, 208.8498,  97.1305,  37.6779, 108.9343, 158.2165, 137.5038,
        164.1477, 271.8669, 136.0836, 198.5155, 137.7898, 101.5127, 113.3948,
         67.4219,  34.7622,  42.6074,  80.8220])
tensor([ 68.7665,  40.0334,  67.0956,  70.9990,  90.0295,  80.0122,  69.9757,
         62.0285, 190.4292,  51.4183, 165.1982,  43.7849, 133.7135,  81.6879,
         28.5247, 238.8171, 342.8199, 158.6907, 132.4694,  54.8211,  36.7814,
        260.6045,  72.0507, 133.1299,  64.1530, 185.6555, 180.3140,  54.9304,
         80.0220, 174.4142, 271.3674,  22.5572, 124.7252,  64.6534,  82.5474,
         80.1911, 307.1694, 186.8502, 112.4882,  43.0056,  35.1137, 153.5286,
         48.4339,  33.4997,  97.1305,  37.6779,  51.6702,  27.3725, 137.5038,
        186.4426, 271.8669, 136.0836, 198.5155,  28.8376, 101.5127, 113.3948,
         34.4338,  34.7622,  35.2698, 156.6712])
tensor([ 41.9265,  40.0334,  67.0956,  70.9990, 116.1363,  80.0122,  69.9757,
         62.0285, 190.4292,  51.4183, 165.1982,  43.7849,  33.1063,  81.6879,
        137.6058, 138.4787, 144.2301, 158.6907,  81.6957,  54.8211,  36.7814,
        260.6045,  72.0507,  66.2399, 122.2169, 185.6555,  47.7579, 232.0549,
        108.0921, 174.4142, 146.1173,  46.3055,  27.1654,  64.6534, 110.1019,
         80.1911, 307.1694,  47.7618,  56.0036,  43.0056, 115.1858, 153.5286,
        172.6455, 111.7176,  97.1305,  62.9470,  51.6702,  27.3725, 137.5038,
         25.3512, 271.8669,  71.9011, 198.5155,  28.8376,  49.4388, 145.5790,
         46.4999,  28.6203,  48.1060,  69.3019])
tensor([146.8478,  40.0334,  71.8818,  70.9990, 116.1363,  80.0122,  69.9757,
         16.2272, 190.4292,  51.4183, 165.1982,  43.7849, 179.2656,  81.6879,
        137.6058, 138.4787, 144.2301, 158.6907, 149.5187, 112.1761, 111.9227,
        260.6045,  98.2054,  66.2399, 122.2169, 185.6555,  56.4842, 164.6262,
        108.0921, 111.8418, 146.1173,  46.3055,  31.9815,  15.8588,  56.6287,
         63.7036, 304.2315, 163.0235,  56.0036,  71.7383, 110.7103,  58.5861,
         76.4035, 111.7176, 152.1609,  62.9470,  67.5482,  89.2621, 137.5038,
         63.1220, 311.7058,  71.9011, 198.5155,  28.8376,  49.4388, 106.3874,
        193.0130,  32.0683,  48.1060,  83.0992])
tensor([ 54.0495,  42.4903,   0.0000,   0.0000,  12.3030,   0.0000,  45.8949,
         16.0555,  58.5390,   0.0000,   0.0000,   0.0000,   0.0000,  56.9804,
         18.9128,   0.0000,  36.1849,  61.5414,   0.0000,   0.0000,  89.9918,
          0.0000,   0.0000,   0.0000,  12.4741,   0.0000,   0.0000, 101.4921,
         72.2686,   0.0000,  16.1067,  71.5333,  12.8131,   0.0000,   0.0000,
          0.0000,  51.9854,   0.0000,  73.9906,  14.9178,   0.0000,  39.4369,
         14.3022,   0.0000,  14.2512,   0.0000,  71.2757,   0.0000, 136.2417,
         28.7132,   0.0000,  51.1900,   0.0000,   0.0000,  39.6539,  45.0424,
         68.5387,   0.0000,   0.0000,   0.0000])
tensor([ 35.5904,  37.0733,   0.0000,   0.0000,  12.3030,   0.0000,  69.0991,
         15.3391,  58.5390,   0.0000,   0.0000,  50.2182,   0.0000,  36.0896,
         60.3374,   0.0000,  36.1849,  61.5414,  49.0986,   0.0000,  89.9918,
         49.8155,  64.9542,   0.0000,  13.8230,   0.0000,  42.4192, 123.2338,
        123.5742,  73.2650,  16.1067, 117.7895,  12.8131,  44.8755,  42.1649,
        141.4779,  51.9854,   0.0000,  73.9906,  33.2916,   0.0000,  26.4044,
         14.3559,  57.9011,  65.9538,  23.2891, 116.7780,  23.9007, 255.1695,
         28.7132,  47.7625,  51.1900,   0.0000,   0.0000,  39.6539,  45.0424,
         88.7986,   0.0000,   0.0000,   0.0000])
tensor([ 35.5904,  37.0733,  16.4522,   0.0000,  12.3030,  22.5434,  97.8640,
         15.3391,  58.5390,   0.0000,   5.8931,   7.6077,  70.8858,  36.0896,
         60.3374,  91.9102,  25.2223,  61.5414,   8.1707,  39.3363,  89.9918,
         49.8155,  64.9542,  22.7287,  13.8230,  38.7635,  12.9675,  97.3267,
        107.1613,  73.2650,   6.9581,  94.5700,  10.5417,  44.8755,  42.1649,
        208.2436,  51.9854,  84.0864, 105.0996,  33.2916,   0.0000,  26.4044,
         36.8263,  57.9011,  65.9538,  45.4703,  94.6589,  23.8943, 255.1695,
         16.5634,  47.7625,  51.1900,   0.0000,   5.3309,  39.6539,  49.5904,
         88.7986,  36.5726,   0.0000,  14.5199])
tensor([ 25.8642,  18.8575,  26.4186,   0.0000,  12.3030,  22.5434,  97.8640,
         15.3391,  58.5390,   0.0000, 183.4545,   7.6077,  12.4920,  36.0896,
        132.3911,  91.9102,  25.2223,  61.5414,   8.1707,  73.1851,  89.9918,
         49.8155,  15.1981,  33.9487,  13.8230, 193.2380,  12.9675,  97.3267,
        107.1613,  18.8385, 172.1001,  15.4770,  13.2093,  48.3184, 124.7020,
         63.1509,  51.9854, 137.1859, 105.0996,  14.7335,   0.0000,  35.0158,
         43.0811,  57.9011,   9.0637,  30.6899,  15.6274,  23.8943,  78.5113,
         16.5634,  56.2563,  51.1900,   0.0000, 200.9724,  39.6539,  23.4202,
         62.5694,  36.5726,  16.1993,  14.5199])
tensor([ 42.5155,  18.8575,  26.4186,  41.5758,  12.3030,  22.5434,  97.8640,
         15.3391,  86.8377,   0.0000, 183.4545,   7.6077, 104.9718,  36.5708,
         60.2722,  91.9102,  25.2223, 126.9359,   8.1707,  73.1851,  89.9918,
         60.3193, 148.6681,  20.9312,  30.4473, 193.2380, 109.3986, 149.7288,
        107.1613,  18.8385, 131.9582, 146.9308,  42.2983,  98.5261, 124.7020,
        215.6958,  39.8213, 115.7469, 125.7453,  14.7335,  22.5001,  35.0158,
         23.6998,  57.9011,   9.0637,  30.6899, 146.9704,  22.8848,  78.5113,
         16.5634,  64.1034,  40.0197,  62.3188, 200.9724,  19.3409,  23.4202,
         62.5694,  33.5955,  16.1993,  14.5199])
tensor([149.6023,  38.0074,  27.5408,  41.5758,   6.1119,  42.4374,  97.8640,
          4.7896,  24.9852,   0.0000, 111.1604, 117.2631, 104.9718,  36.5708,
        118.4491,  32.8060, 183.5319, 174.6606, 109.5689,  73.1851,  89.9918,
         60.3193,  25.5689,  20.9312,  30.4473, 193.2380, 109.3986, 149.7288,
         62.1990,  18.8385, 131.9582, 146.9308,  75.6234,  98.5261, 124.7020,
         91.6624,  39.8213, 261.3885,  20.4059,  14.7335,  61.3885,  35.0158,
         23.6998,  33.7777,   9.0637,  45.0151, 146.9704,  22.8848,  78.5113,
         16.5634,  66.2305, 113.6412,  62.3188, 132.9738,  60.1087,  27.5372,
         62.5694,  77.9225,  19.9953,  14.5199])
tensor([149.6023,  67.1104,  27.5408,  41.5758,  11.3530,  42.4374,  67.6360,
         17.2408,  24.9852,   0.0000, 169.7247, 117.2631,  81.1360,  35.6266,
        141.4453,  32.8060, 229.1201, 173.7964, 158.7749,  27.1092,  48.9272,
         65.7012,  25.5689,  20.9312,  40.4687, 126.9038, 135.1223, 188.9861,
         62.1990, 112.6242, 159.4296,  92.5452,  96.8796, 125.0737,  57.3276,
         91.6624,  39.8213, 261.3885,  20.4059,  14.7335,  30.5085,  46.9516,
         22.9175,  33.7777,  23.1958,  28.1831,  92.1294,  22.8848,  78.5113,
         16.5634,  66.2305, 113.6412,  62.3188, 132.9738,  60.1087,  27.5372,
         62.5694,  77.9225,  19.9953,  14.5199])
tensor([149.6023,  77.9845,  43.8119, 125.4228,  15.3797,  42.4374,  67.6360,
         17.2408,  25.1950,   0.0000,  44.0176, 117.2631,  81.1360,  60.0804,
         49.8686,  32.8060, 229.1201, 173.7964, 158.7749, 172.6201, 130.7799,
         65.7012,  25.5689,  20.9312,  40.4687,  88.5166, 135.1223, 172.7901,
        126.3832, 112.6242, 159.4296,  92.5452,  72.1406, 141.5969,  31.9131,
         91.6624,  53.4070, 150.9515,  15.5809,  14.7335,  39.0399,  88.2426,
         22.9175,  33.1082, 106.8480, 116.0638,  25.5609,  44.9186,  78.5113,
         26.5455,  47.1329, 113.6412,  42.9906, 132.9738,  60.1087,  27.5372,
         57.4431,  77.9225,  19.9953,  14.5199])
tensor([ 55.1419,  77.9845,  38.8254, 125.4228,  17.6678,  42.4374,  62.4839,
         17.2408,  31.6486,   0.0000,  87.8726, 117.2631,  31.2421,  47.8194,
         49.8686,  32.8060, 135.2088, 173.7964, 158.7749, 105.3301, 130.7799,
         65.7012,  41.6460,  20.9312,  23.8593,  88.5166,  96.0667, 212.1561,
        126.3832,  49.0971,  84.5819,  41.3673,  59.6291, 141.5969,  31.9131,
        138.6165,  53.1033, 170.0383,  48.7750,  89.1750,  39.0399,  88.2426,
         22.9175,  33.1082, 106.8480,  35.3727,  44.2124,  40.0416, 106.3447,
         26.5455,  47.1329, 113.6412,  42.9906, 115.5035,  60.1087,  29.8687,
         57.4431,  77.9225,  47.7566,  14.5199])
tensor([ 55.1419,  65.1724,  16.9154, 125.4228,  14.8138,  42.4374,  92.2033,
         17.2408, 126.6982,   0.0000, 115.1327, 117.2631, 127.5888,  31.0209,
         49.8686,  82.1140, 135.2088, 119.7438, 111.7510, 105.3301,  72.8146,
        118.1291, 184.0097,  20.9312,  56.5993, 144.3442,  96.0667, 156.4041,
        126.3832,  49.0971,  84.5819, 182.5360, 104.3122, 141.5969,  98.2489,
        226.0557,  37.8909, 154.6537,  48.7750,  54.0922,  39.0399,  88.2426,
         20.7872,  33.1082, 106.8480,  35.3727,  44.2124,  40.0416, 106.3447,
         26.5455,  47.1329, 113.6412,  42.9906, 147.5738,  22.4421,  56.1414,
         57.4431,  22.1624, 192.4023,  14.5199])
tensor([ 55.1419,  65.1724,  28.9559, 125.4228,  16.8140,  42.4374, 111.4133,
         13.6039, 108.7439,  25.6405,  70.0212, 117.2631, 127.5888,  99.2723,
         49.8686,  95.2493,  80.8265, 166.5303,  60.0919, 105.3301, 152.9571,
        102.0592, 184.0097,  22.9898,  19.0617, 144.3442,  70.1433, 156.4041,
        126.3832,  49.0971,  84.5819, 162.9586,  21.9873, 141.5969,  67.6852,
        251.7543,  37.8909, 226.1675, 192.8578,  54.0922,  39.0399,  88.2426,
         20.7872,  33.1082, 106.8480,  35.3727,  44.2124,  51.8712, 305.4743,
         26.5455,  47.1329,  76.3916,  73.4592, 147.5738,  22.4421,  56.1414,
        120.5736,  22.1624, 180.9669,  66.6787])
tensor([ 12.5272,  65.1724,  43.1524, 125.4228,  19.3289,  43.4373, 151.2045,
         15.2958, 111.2490,  25.6405,  70.0212, 117.2631, 127.5888,  99.2723,
         73.2700,  95.2493,  80.8265, 200.4386,  83.6524, 105.3301, 152.9571,
        107.7497, 184.0097,  34.9149,  22.5678, 144.3442,  76.1987, 156.4041,
        126.3832, 205.4784,  84.5819, 162.9586,  13.9674, 141.5969,  71.9260,
        319.1285,  15.1950, 139.6126, 192.8578, 106.4639,  39.0399,  20.2922,
         20.7872,  33.1082,  69.4407,  35.3727, 171.0433,  15.1814, 369.2229,
         26.5455,  48.2537,  16.6991,  73.4592, 147.5738,  20.0864,  56.1414,
        120.5736,  24.5812, 180.9669,  66.6787])
tensor([ 61.0564,  69.5286,  34.1970, 125.4228,  19.3289,  43.4373, 101.7631,
         55.8203, 111.2490,  25.6405,  44.8203, 117.2631, 102.3687,  41.3348,
         73.2700,  96.4110,  93.9168, 200.4386,  42.9387, 105.3301,  75.6075,
        107.7497, 184.0097,  34.9149,  67.7853, 144.3442,  63.9767, 125.0339,
        112.2270, 205.4784,  42.7764, 162.9586,  13.9674, 141.5969,  60.6859,
        264.3935,  50.3255, 181.4559, 192.8578, 106.4639,  39.0399,  20.2922,
         20.7872, 104.7437,  19.3486,  35.3727, 171.0433,  15.1814, 312.4763,
         26.5455,  62.0339,  56.7254,  73.4592, 147.5738,  20.0864,  37.9778,
        110.3082,  59.5048, 171.5877,  66.6787])
tensor([ 61.0564,  69.5286,  62.9160, 125.4228,   3.2203,  43.4373, 101.7631,
         54.7070, 111.2490,  25.6405,  44.8203,  59.7429, 116.9457,  63.4547,
         73.2700, 112.0449, 227.9914, 200.4386,  80.8661,  82.6126, 206.9304,
        107.7497, 155.3687,  20.6705,  67.7853, 135.9828,  63.9767, 125.0339,
        195.4288, 196.7279,  81.1770, 162.9586,  13.9674, 141.5969,  58.1536,
        264.3935,  50.3255, 181.4559, 185.9988,  31.0068,  39.0399,  58.2555,
         20.7872, 117.8994, 128.4718,  35.3727, 156.3178,  15.1814, 312.4763,
         26.5455,  70.8123,  56.7254,  55.6176,  69.4758,  20.0864,  34.3865,
        165.0085,  59.5048, 171.5877,  54.0377])
tensor([ 61.0564,  72.4870,  51.4815, 125.4228,   3.2203,  61.2186, 122.0626,
         54.7070, 111.2490,  25.6405,  44.8203, 128.9488, 116.9457,  63.4547,
         99.2708, 107.5909, 227.9914, 133.0850,  80.8661, 120.6424, 161.1994,
         95.7046, 155.3687,  20.6705,   6.3687, 149.1278,  63.9767, 125.0339,
        138.7871, 196.7279,  81.1770, 162.9586,  13.9674, 141.5969,  80.8056,
        246.1247,  18.3726, 101.1406, 185.9988,  31.0068,  41.5095,  39.9674,
         20.7872, 117.8994, 128.4718,  24.7732, 142.4141,  20.6265, 286.9084,
         18.1092,  59.6113,  56.7254,  72.9451, 129.8460,  17.5563,  34.3865,
        165.0085,  31.8014, 171.5877,  54.0377])
tensor([ 50.9275,  52.9750,  51.4815, 125.4228,   8.7549,  61.2186, 103.4907,
         54.7070, 111.2490,  45.5329,  44.8203, 151.3136, 116.9457,  63.4547,
         99.2708, 107.5909, 227.9914, 215.8661, 137.6293,  44.0773, 130.8585,
         95.7046,  66.4430,  20.6705,   6.3687, 149.1278,  63.9767, 125.0339,
        138.7871, 196.7279, 138.7944,  67.5391,   5.6704, 141.5969,  80.8056,
        222.8718,  18.3726, 207.9130, 185.9988,  84.0329,  72.6844,  79.6838,
         29.4057,  88.8366,  21.5940,  35.6042,  68.3009,  20.6265, 195.6866,
         18.1092,  75.0506,  56.7254, 133.1505, 129.8460,  33.6080,  31.1593,
        102.8698,  31.8014, 171.5877,  54.0377])
tensor([ 24.8691,  52.9750,  54.4646, 109.7742,   9.6785,  61.2186, 103.4907,
         54.7070, 111.2490, 149.2588,  20.9715,  31.3201,  79.6894,  35.3688,
         99.2708, 125.8633, 135.6693, 215.8661, 137.6293, 156.0038, 276.3332,
         95.7046,  66.4430,  20.6705,   6.3687, 149.1278,  63.9767, 101.8183,
        203.2884, 140.7499, 138.7944,  67.5391,   5.6704, 141.5969,  22.7636,
        273.4645,  31.0765, 207.9130, 129.0085,  86.9101,  72.6844,  79.6838,
         29.4057, 120.7086, 106.7585,  35.6042, 102.1984,  23.7178, 195.6866,
         26.7392,  53.5079,  56.7254, 133.1505, 129.8460,  33.6080,  31.1593,
        199.2944,  37.8974, 130.0935,  54.0377])
tensor([ 46.0022,  49.7772,  54.4646,  95.1391,   9.6785,  27.6738, 103.4907,
         54.7070,  52.0192, 149.2588,  29.5870,  41.9783,  79.6894,  35.3688,
         43.4022, 125.8633, 163.2347, 123.5960, 137.6293, 156.0038, 276.3332,
         57.2793,  72.2397,  20.6705,   6.3687, 140.3678,  37.3619, 101.8183,
        203.2884, 140.7499, 138.7944,  67.0493,   5.6704, 141.5969,  32.0099,
        273.4645,  42.6178,  87.9947,  95.9506,  86.9101,  72.6844,  38.5149,
         21.1383, 120.7086, 114.7241,  36.0380, 102.1984,  35.1533, 195.6866,
         26.7392,  52.0605,  56.7254, 133.1505,  43.8250,  29.3345,  40.0747,
        179.4743,  37.8974, 130.0935,  39.5245])
tensor([ 46.0022,  49.7772,  54.4646, 171.1763,   8.7137,  27.6738, 103.4907,
         54.7070,  52.0192,  24.0144, 167.8749,  41.9783,  79.6894,  53.4344,
        165.8248,  43.9528, 163.2347, 161.5374, 137.6293,  13.3055,  56.2559,
         49.1918,  72.2397,  21.7484,   6.3687, 140.3678, 161.0771, 101.8183,
         52.9702, 140.7499, 189.4003,  44.1839,  13.1793,  65.0144,  32.0099,
        100.1768,  61.0717,  87.9947,  95.9506,  26.8616,  31.8939,  66.5052,
         21.1383,  42.3462, 114.7241,  91.4912,  44.0547,  35.1533, 195.6866,
         26.7392,  52.0605,  62.4693, 133.1505,  43.8250,  46.0296,  40.0747,
        179.4743,  63.9784,  42.8036,  39.5245])
tensor([ 46.0022,  49.7772,  54.4646, 131.5743,   8.7137,  63.8601, 103.4907,
          9.5896,  52.0192, 117.9772,  65.7429,  90.7435,  79.6894,  51.7413,
        165.8248,  43.9528, 138.3933, 193.6318, 137.6293, 116.3333,  56.2559,
         49.1918,  66.8437,  19.3899,  14.6565, 179.9175, 161.0771, 195.2778,
         52.9702,  73.0175, 189.4003,  64.5244,  56.1317,  65.0144,  32.0099,
        215.5920,  57.8297,  87.9947,  73.2077,  26.8616,  31.8939,  66.5052,
         21.1383,  87.7383,  35.3342,  91.4912,  44.0547,  42.6031, 195.6866,
         32.5317,  52.0605,  62.4693,  81.7055, 103.4665,  31.7538,  40.0747,
        179.4743,  51.8340,  42.8036,  77.7773])
tensor([ 46.0022,  49.7772,  25.9403, 131.5743,   8.7137,  99.1274,  83.2079,
         12.9396,  37.7426, 117.9772, 163.5965,  90.7435,  79.6894,  43.5363,
        165.8248,  73.9476, 188.4132, 166.9328, 137.6293, 116.3333, 105.7670,
         49.1918,  66.8437,  19.3899,  19.4233, 307.4458, 161.0771, 238.0464,
        182.6111,  73.0175, 189.4003,  58.4647,  61.7914,  87.1111,  32.0099,
        215.5920,  57.8297,  87.9947,  73.2077,  48.5728,  49.0026,  66.5052,
         28.6276,  68.1573,  38.3911,  91.4912,  57.9773,  43.4580, 175.7807,
         24.0372,  52.0605,  48.9963,  81.7055, 103.4665,  31.7538,  40.0747,
        119.3680,  51.8340,  42.8036, 155.6859])
tensor([ 68.9139,  53.3540,  25.9403, 131.5743,   8.7137,  99.1274,  83.2079,
         30.1535,  37.7426,  64.3203, 163.5965,  83.2927,  66.6859,  61.0768,
        165.8248, 128.8654,  89.1285, 187.5097,  84.8023,  41.4741, 105.7670,
         49.1918,  66.8437,  19.3899,  17.0634, 307.4458,  66.6633, 238.0464,
        194.4979,  73.0175, 189.4003,  58.4647,  61.7914, 140.0977,  57.3552,
        280.7927,  57.8297, 114.4977, 131.5979,  48.5728,  79.8155,  66.5052,
         29.6254, 120.7984,  38.3911,  91.4912,  57.9773,  51.7341, 175.7807,
         32.4874,  48.4017,  48.9963,  85.3426,  94.0623,  27.4663,  40.0747,
        119.3680,  51.8340,  42.8036,  81.2706])
tensor([ 36.2444,  45.0637,  25.9403, 131.5743,   8.6488,  99.1274,  78.9273,
         45.6612,  22.2674,  64.3203, 144.3130,  83.2927,  66.6859,  34.1296,
        165.8248, 128.8654, 239.8334, 187.5097, 152.9908,  41.4741, 105.7670,
         49.1918,  20.7421,  41.9835,  20.5373, 307.4458, 133.5777, 238.0464,
        189.9868,  73.0175, 189.4003,  20.0130,  28.4973, 140.0977, 119.6441,
        146.4631,  45.8166, 114.4977, 131.5979,  48.5728,  79.8155,  66.5052,
         50.9029,  68.0946,  38.3911,  26.5728,  19.2830,  37.1049,  96.2285,
         32.4874,  63.5134,  46.8743,  85.3426, 186.8794,  27.4663,  40.0747,
        119.3680,  65.1936,  42.8036,  81.2706])
tensor([ 52.3500,  45.0637,  25.9403, 131.5743,   8.6488,  99.1274,  78.9273,
         38.2021,  22.2674,  64.3203, 144.3130,  83.2927,  91.6256,  55.1794,
        165.8248, 128.8654, 239.8334, 136.0441, 152.9908,  29.9794,  72.3312,
         93.9308, 136.9716,  41.9835,  32.0433, 183.9153, 133.5777, 153.1821,
        165.5346, 151.9620, 189.4003, 136.4373,  34.3443,  97.2868,  69.1274,
        146.4631,  67.7005, 126.1605, 131.5979,  48.5728,  79.8155,  66.5052,
         50.9029,  95.6847,  38.3911,  36.9705,  19.2830,  37.1049, 282.0065,
         21.4232,  69.7234,  67.4195,  85.3426, 115.6842,  26.4271,  40.0747,
         97.4681,  65.1936, 146.0989,  81.2706])
tensor([131.6418,  67.6766,  25.9403, 131.5743,  13.5415,  99.1274,  78.9273,
         38.2021,  22.2674,  64.3203,  57.4236,  83.2927,  39.7735,  55.1794,
        165.8248,  53.8232, 239.8334, 136.0441,  67.5062,  77.8221,  72.3312,
         44.3752, 136.9716,  21.8457,  23.6672, 218.1543,  52.5079, 196.7647,
        162.2498,  55.5543, 189.4003,  66.6544,  34.3443, 164.6784,  69.1274,
        146.4631,  67.7005, 189.0949,  56.3881,  31.8272,  79.8155,  66.5052,
         29.3499,  95.6847,  62.7439,  74.2110,  66.8218,  76.5864, 282.0065,
         21.4232,  69.7234, 111.6825,  85.3426,  73.5151,  26.4271,  39.0711,
         61.4929,  65.1936, 146.0989,  81.2706])
tensor([ 58.6222,  67.6766,  31.7093, 131.5743,  19.7089,  99.1274,  77.5639,
         38.2021,  22.2674,  95.8554, 141.8084, 157.5511,  39.7735,  55.1794,
        165.8248,  53.8232, 118.6231, 123.8067,  67.5062, 126.2395,  72.3312,
         44.3752, 104.5377,  47.6746,  23.6672, 325.6576, 104.5127, 196.7647,
        162.2498,  91.4604, 189.4003, 102.4246,  46.1051, 164.6784, 101.9656,
        146.4631,  67.7005, 189.0949,  83.3707,  37.2130,  23.2318,  66.5052,
         29.3499,  57.4307,  62.7439,  42.3492,  66.8218,  76.5864, 282.0065,
         23.9243,  63.9628,  72.7072,  85.3426, 190.2814,  26.4271,  39.0711,
        126.3682,  65.1936,  85.2506, 134.8152])
tensor([ 58.6222,  41.5029,  31.7093, 131.5743,  23.0726, 106.0514,  77.5639,
         38.2021,  22.2674,  95.8554, 193.1435, 157.5511,  39.7735,  31.7745,
        165.8248,  78.7035, 181.6786, 180.6516,  67.5062, 187.3179,  72.3312,
         61.6707,  83.9560,  38.7926,  23.6672, 342.0249, 104.5127, 156.1750,
        184.2840,  79.4570, 189.4003, 102.4246,  50.6988,  69.5912, 130.4042,
        146.4631,  67.7005, 105.0455,  70.5919,  37.2130,  43.7783,  66.5052,
         29.0988,  70.3579,  90.5350,  21.8081,  66.8218,  32.7558, 282.0065,
         23.9243,  63.9628,  42.7118,  85.3426, 190.2814,  26.4271,  28.8930,
        126.3682,  25.9053,  85.2506, 134.8152])
tensor([ 58.6222,  49.1935,  31.7093, 103.8912,  23.0726, 106.0514,  77.5639,
         38.2021,  22.2674,  95.8554, 150.1905, 150.6423,  39.7735,  31.7745,
        124.5920,  81.1843, 135.4422, 236.9402,  67.5062,  63.5277, 176.1068,
         54.5539,  70.9260,  38.7926,  23.6672, 339.6929, 104.5127, 238.6107,
        184.2840,  72.4888, 147.6996, 102.4246,  50.6988,  69.5912, 130.4042,
        177.8921,  67.7005, 105.0455,  70.5919,  61.0440,  45.8894,  74.7462,
         29.0988,  78.9540,  90.5350,  47.7131,  66.2622,  62.4523, 139.7408,
         23.9243,  63.9628,  80.3703, 106.9702, 172.7861,  26.4271,  28.8930,
        126.3682,  25.9053,  66.4073, 148.5739])
tensor([ 58.6222,  49.1935,  36.4072, 103.8912,  13.4302, 106.0514,  77.5639,
          6.7391, 102.4928,  52.9184, 157.3987, 150.6423, 114.8715,  49.6346,
        124.5920, 134.6411,  62.3234, 202.9044,  67.5062,  70.4184, 176.1068,
         54.5539,  70.9260,  16.1219,  23.6672, 320.2733, 104.5127, 238.6107,
        206.5084, 184.0105, 147.6996, 102.4246,  50.6988,  65.2826, 130.4042,
        177.8921,  53.2799, 104.4567, 169.8761,  61.0440,  59.0194,  74.7462,
         29.0988,  78.9540,  90.5350,  47.7131, 153.8003,  62.4523, 347.1833,
         20.6729,  73.5504,  56.8214, 101.4565, 186.3694,  26.4271,  28.8930,
        126.3682,  37.4243, 170.5354, 148.5739])
tensor([ 58.6222,  48.5581,  57.8536, 113.1230,  13.4302, 106.0514,  51.7323,
         33.5559, 102.4928,  52.9184, 157.3987,  98.7093,  42.6233,  82.9508,
         74.6926, 134.6411,  62.3234, 176.4074,  67.5062,  70.4184, 248.0334,
         42.8338,  70.9260,  16.1219,  23.6672, 257.6675, 104.5127, 238.6107,
        219.5731, 184.0105, 147.6996,  52.2422,  50.6988, 104.1502, 130.4042,
        175.7905,  53.2799, 104.4567,  59.6030,  47.3180,  59.0194,  53.2862,
         29.0988,  59.6366,  94.0141,  47.7131, 153.8003,  62.4523, 182.4594,
         20.6729,  73.5504,  56.8214,  73.5760,  99.4848,  26.8306,  33.4193,
        126.3682,  69.0954,  60.1017,  87.8773])
tensor([ 27.3254,  48.5581,  24.1697, 113.1230,  13.4302,  71.8544,  51.7323,
         67.0488, 102.4928,  52.9184, 105.8489,  98.7093,  86.0068,  46.4746,
         81.3128, 123.9365,  73.0800, 176.4074,  97.8235,  70.4184, 109.0019,
         77.2949,  70.9260,  16.1219,  14.5834, 236.2207, 104.5127, 238.6107,
        198.5976, 138.1991,  98.0555, 100.4918,  50.6988, 104.1502, 130.4042,
        325.5533,  53.2799, 125.2014, 140.3090,  47.3180,  70.2840,  53.2862,
         29.0988,  59.6366,  94.0141,  45.0997, 153.8003,  62.4523, 329.9445,
         26.7105,  72.1850,  43.3368, 105.8344,  99.4848,  34.7197,  33.4193,
        126.3682,  69.0954,  60.1017,  87.8773])
tensor([ 80.5645,  64.9436,  50.4911, 140.1149,  13.4302,  76.4885,  51.7323,
         43.8794,  72.0263,  62.7770, 105.8489,  98.7093,  86.0068,  84.0655,
         81.3128, 123.9365, 131.0911, 178.6653,  97.8235,  64.5617, 109.0019,
         77.2949,  70.9260,  16.1219,  17.3529, 236.2207, 104.5127, 238.6107,
        198.5976, 133.3135,  98.0555, 100.4918,  50.6988, 100.3298,  98.1069,
        325.5533,  74.4377, 125.2014, 131.7720,  47.3180,  70.2840,  62.2556,
         29.2691,  76.3193,  94.0141,  45.0997, 153.8003,  52.9714, 292.9240,
         26.7105,  78.1986,  76.5641,  95.5494,  99.4848,  34.7197,  47.9036,
         93.7775,  69.3697, 128.4362,  87.8773])
tensor([ 80.5645, 100.6760,  50.4911, 173.3730,  13.4302,  33.5952,  51.7323,
         43.8794,  63.0764,  62.7770, 105.8489,  37.7105,  54.5265,  84.0655,
         81.3128,  87.0105, 134.7498, 193.1548,  97.8235,  64.5617, 109.0019,
         62.2912,  58.0145,  16.1219,  16.9351, 236.2207, 104.5127, 145.7927,
        176.2385, 133.3135,  98.0555,  51.4295,  50.6988, 201.7123,  98.1069,
        134.8913,  74.4377, 180.1739,  50.9568,  47.3180,  60.8140,  86.3320,
         34.4545,  80.0545,  70.8813,  77.8608, 153.8003,  45.4604, 292.9240,
         42.9672,  78.1986,  76.5641,  68.9234,  99.4848,  34.7197,  55.7366,
         93.7775,  69.3697,  51.7669,  87.8773])
tensor([ 80.5645, 100.6760,  49.6541, 170.1417,  12.1869,  57.0875, 135.1893,
         43.8794,  63.0764,  70.3407,  56.0500,  57.2458,  93.4000,  62.3345,
         81.3128,  87.0105, 145.6174, 262.8416,  97.8235,  64.5617, 109.0019,
         62.2912,  58.0145,  19.4666,  16.9351, 236.2207,  53.2473, 225.0101,
        176.2385, 133.3135,  70.7747,  51.4295,  24.7758, 201.7123,  44.2183,
        233.8797,  74.4377, 180.1739,  50.9568,  75.1519,  60.8140,  77.7960,
         26.7189, 124.0798,  70.8813,  40.2287,  97.1409,  44.0396, 292.9240,
         42.9672,  78.1986,  76.5641,  87.6766,  99.4848,  40.9146,  55.7366,
        150.0969,  69.3697,  82.8877,  87.8773])
tensor([ 80.5645,  56.6042,  45.1519, 207.8625,  12.1869, 107.1620, 135.1893,
          3.4295,  67.7032,  70.3407,  56.0500,  57.2458,  93.4000,  62.3345,
         81.3128,  87.0105, 148.2173, 223.7170,  97.8235,  57.6626, 126.7911,
         62.2912,  58.0145,  19.4666,  21.9279, 273.1234,  53.2473, 187.3741,
        170.6941, 133.3135,  70.7747,  51.4295,  24.7758,  82.8169, 101.2558,
        233.8797,  25.0997, 180.1739,  55.7927,  75.1519,  60.8140,  77.7960,
         40.7724, 109.6525,  62.4779,  38.1930,  97.1409,  35.7160, 170.8325,
         42.9672,  78.1986,  76.5641,  87.6766, 166.5631,  35.3612,  34.5221,
        226.5328,  69.3697,  68.4408, 118.2831])
tensor([ 80.5645,  59.0069,  45.1519, 207.8625,  12.1869, 107.1620, 121.6789,
          3.4295,  88.2545,  70.3407,  74.6419,  57.2458,  86.1598,  46.5489,
         81.3128, 116.5884, 148.2173, 223.7170,  94.1843, 143.0744, 126.7911,
         88.6922,  58.0145,  30.5323,  21.9279, 260.9489,  53.2473, 174.8318,
        235.9643, 133.3135,  94.2871,  51.4295,  30.4462, 115.8001,  52.8362,
        178.5823,  25.0997, 134.6609,  55.7927,  75.1519,  66.7340,  46.1979,
         40.7724, 106.5166,  62.4779,  38.1930,  92.3057,  35.7160, 217.8983,
         42.9672,  62.3407,  76.5641,  95.1607,  86.7103,  35.3612,  51.3131,
        226.5328,  43.6995,  68.4408, 118.2831])
tensor([ 44.6042,  59.0069,  23.1135, 207.8625,  16.1074, 107.1620, 117.6304,
          7.1038,  97.9221,  51.5109,  74.6419,  57.2458,  86.1598,  46.5489,
        118.1304, 116.5884, 148.2173, 219.7257,  94.1843,  57.7071, 103.9529,
         88.6922, 106.7393,  30.5323,  21.9279, 260.9489, 106.0023, 174.8318,
        235.9643, 133.3135,  94.2871,  51.4295,  48.1842, 149.0053, 107.3893,
        178.5823,  45.3962, 232.4078,  55.7927,  75.1519,  59.9839,  78.6558,
         40.7724, 106.5166,  46.7493,  38.1930,  92.3057,  37.3477, 291.2576,
         18.0437,  80.5294,  76.5641, 112.0471,  86.7103,  35.3612,  31.0828,
        172.0011,  43.6995, 129.4893, 147.5289])
tensor([ 44.6042,  39.9331,  23.1135, 119.2886,  19.3031,  54.1058, 117.6304,
          7.1038,  39.3644,  51.5109,  57.2451,  57.2458,  86.1598,  46.5489,
        118.1304,  97.7047, 134.4268, 222.3955,  94.1843, 175.8135, 103.9529,
         39.3946, 106.7393,  27.7969,  14.4279, 230.8063, 106.0023, 174.8318,
        235.9643,  43.9579,  82.2348,  43.4363,  87.2963, 199.6115,  48.5374,
        178.5823,  49.4068, 169.9857,  55.7927,  75.1519,  74.4407,  60.1842,
         40.7724, 106.5166,  46.7493,  47.7690,  92.3057,  40.1147, 291.2576,
         18.0437,  46.4304,  76.5641,  93.3557,  86.7103,  35.3612,  31.0828,
        200.2543,  55.6538, 129.4893, 147.5289])
tensor([ 44.6042,  62.7441,  23.1135, 172.5732,  24.1357, 103.3222,  97.4503,
         27.6245,  86.7214,  51.5109,  57.2451, 166.4407,  86.1598,  67.1587,
        116.2486,  97.7047, 143.1078, 245.2019, 165.1253, 175.8135, 103.9529,
         39.3946, 106.7393,  27.7969,  14.4279, 230.8063, 100.6143, 179.2720,
        235.9643,  43.9579,  82.2348,  43.4363,  37.0560, 108.9522,  88.9675,
        178.5823,  60.9998, 169.9857,  55.7927,  57.5601,  56.7499,  60.1842,
         44.6976,  90.7127,  46.7493,  47.7690,  68.2990,  59.2213, 291.2576,
         35.0231,  46.4304,  76.5641,  93.3557, 201.9776,  35.3612,  31.0828,
        188.7134,  55.6538,  68.3022, 143.8939])
tensor([ 33.9543,  62.7441,  23.1135, 172.5732,  27.7864, 103.3222,  97.4503,
         27.6245,  86.7214,  51.5109,  57.2451, 166.4407,  89.5680,  67.1587,
        126.1187, 106.0652, 101.7176, 245.2019, 189.2170, 175.8135, 103.9529,
         39.3946, 106.7393,  31.2891,  24.8706, 230.8063, 110.6975, 175.6591,
        131.4239,  43.9579, 185.8001,  55.4447,  47.0944, 108.9522,  78.9655,
        178.5823,  60.9998, 127.2246,  51.2189,  57.5601,  75.3030,  60.1842,
         45.2990, 112.9981,  46.7493,  46.0349,  68.2990,  59.2213, 291.2576,
         27.9200,  46.4304,  36.2114,  93.3557, 201.9776,  34.1237,  38.3306,
        234.6156,  35.8979,  92.4483, 157.8073])
tensor([ 80.1305,  62.7441,  41.8525, 172.5732,  27.7864, 103.3222,  97.4503,
         13.3234,  86.7214,  51.5109,  57.2451, 166.4407,  99.5668,  67.1587,
        126.1187, 106.0652, 101.7176, 245.2019, 185.8613, 101.3703, 160.7102,
         39.3946,  95.7427,  31.2891,  24.8706, 230.8063, 134.7781, 240.0441,
        131.4239,  70.7633, 185.8001,  55.4447,  41.6316,  79.4725, 112.5675,
        111.1308,  59.8027, 229.9187,  51.2189,  36.2037,  34.6174,  48.8919,
         50.4787, 112.9981,  81.4763,  46.0349, 102.2979,  63.5788, 291.2576,
         28.9035,  65.2056,  36.2114,  93.3557, 201.9776,  34.1237,  35.8049,
        171.9305,  49.5544,  92.4483, 170.0066])
tensor([87.3322, 63.1994,  0.0000,  0.0000, 27.5463,  0.0000, 83.0364, 42.7130,
        55.4308,  0.0000,  0.0000,  0.0000,  0.0000, 17.1903, 39.1876,  0.0000,
        46.7266, 78.3221,  0.0000,  0.0000, 16.1696,  0.0000,  0.0000,  0.0000,
        31.6175,  0.0000,  0.0000, 32.6777, 25.2819,  0.0000, 19.0969, 15.3964,
        27.2347,  0.0000,  0.0000,  0.0000, 19.1247,  0.0000, 69.1427, 66.3651,
         0.0000, 15.5627, 43.8538,  0.0000, 15.3061,  0.0000, 18.4131,  0.0000,
        16.1106, 32.2853,  0.0000, 34.6798,  0.0000,  0.0000, 43.5519, 12.8940,
        64.9084,  0.0000,  0.0000,  0.0000])
tensor([42.4479, 58.2761,  0.0000,  0.0000, 27.5463,  0.0000, 74.5180, 46.4307,
        55.4308,  0.0000,  0.0000, 51.1904,  0.0000, 26.6647, 61.8168,  0.0000,
        46.7266, 78.3221, 54.2520,  0.0000, 16.1696, 54.4645, 57.0525,  0.0000,
        66.1825,  0.0000, 16.0979, 23.1943, 33.1861, 54.6522, 19.0969, 29.8124,
        27.2347, 18.0480, 21.1913, 81.3139, 19.1247,  0.0000, 69.1427, 86.2667,
         0.0000, 22.2218, 63.4323, 31.0673, 30.6737, 14.3032, 27.6976, 18.3748,
        16.3668, 32.2853, 17.7363, 34.6798,  0.0000,  0.0000, 43.5519, 12.8940,
        83.7170,  0.0000,  0.0000,  0.0000])
tensor([ 42.4479,  58.2761,  43.0159,   0.0000,  27.5463,  40.8767, 114.8314,
         46.4307,  55.4308,   0.0000,  74.7714,  65.0117,  72.1020,  26.6647,
         61.8168,  35.5409,  39.8375,  78.3221,  53.0647,  29.5224,  16.1696,
         54.4645,  57.0525,  53.1885,  66.1825,  74.1429,  26.9324,  42.0355,
         32.3896,  54.6522,  33.1682,  35.2955,  24.3962,  18.0480,  21.1913,
        110.7643,  19.1247,  87.1727,  95.4457,  86.2667,   0.0000,  22.2218,
         63.8311,  31.0673,  30.6737,  17.1228,  39.6252,  32.1709,  16.3668,
         38.3685,  17.7363,  34.6798,   0.0000,  41.0317,  43.5519,  15.9490,
         83.7170,  45.5027,   0.0000,  71.4469])
tensor([ 68.8072,  50.1512,  62.6594,   0.0000,  27.5463,  40.8767, 114.8314,
         46.4307,  55.4308,   0.0000, 163.9511,  65.0117,  47.9809,  26.6647,
         92.1698,  35.5409,  39.8375,  78.3221,  53.0647,  56.6189,  16.1696,
         54.4645,  82.5234,  78.7678,  66.1825, 161.7278,  26.9324,  42.0355,
         32.3896,  67.8286,  54.4680,  18.1373,  39.3015,  19.9306,  24.4824,
         59.8359,  19.1247,  74.7167,  95.4457,  92.1816,   0.0000,  12.3768,
         66.7407,  31.0673,  21.5993,  14.1000,  20.3927,  32.1709,  12.1130,
         38.3685,  44.0529,  34.6798,   0.0000,  30.7659,  43.5519,  19.7851,
         49.8041,  45.5027,  85.1671,  71.4469])
tensor([ 90.5295,  50.1512,  62.6594,  54.1984,  27.5463,  40.8767, 114.8314,
         46.4307,  53.3431,   0.0000, 163.9511,  65.0117,  73.0932,  20.8157,
         57.0380,  35.5409,  39.8375,  85.8813,  53.0647,  56.6189,  16.1696,
         68.6109,  75.3728,  95.5624,  52.6505, 161.7278,  32.4425,  33.8913,
         32.3896,  67.8286,  31.2922,  20.2744,  42.4512,  26.2414,  24.4824,
         95.5553,  35.1076,  90.2214,  91.2468,  92.1816,  45.9077,  12.3768,
         84.9797,  31.0673,  21.5993,  14.1000,  26.5345,  27.0716,  12.1130,
         38.3685,  54.4163,  39.1759,  49.8652,  30.7659,  51.2338,  19.7851,
         49.8041,  36.5351,  85.1671,  71.4469])
tensor([100.4118,  85.1062,  53.0651,  54.1984,  53.1016,  42.9704, 114.8314,
         31.0883,  70.7786,   0.0000,  72.4703,  70.5909,  73.0932,  20.8157,
         61.7421,  40.7455,  36.8757,  82.2471,  48.3683,  56.6189,  16.1696,
         68.6109, 111.8557,  95.5624,  52.6505, 161.7278,  32.4425,  33.8913,
         25.9266,  67.8286,  31.2922,  20.2744,  38.0770,  26.2414,  24.4824,
        111.8671,  35.1076, 129.1257, 124.4222,  92.1816,  49.3306,  12.3768,
         84.9797,  24.1642,  21.5993,  22.3007,  26.5345,  27.0716,  12.1130,
         38.3685,  51.8505,  34.3218,  49.8652,  31.1563,  74.7893,  23.9606,
         49.8041,  32.5530, 132.8563,  71.4469])
tensor([100.4118,  81.2553,  53.0651,  54.1984,  44.0548,  42.9704,  89.1600,
         72.8225,  70.7786,   0.0000, 101.3097,  70.5909,  83.2231,  11.6479,
         85.3165,  40.7455,  55.8942, 103.6722,  80.5604,  38.3125,  17.9146,
         68.3045, 111.8557,  95.5624,  54.6588,  96.6594,  37.3196,  26.5246,
         25.9266,  75.6767,  40.2045,  13.3980,  45.6247,  27.9952,  35.0518,
        111.8671,  35.1076, 129.1257, 124.4222,  92.1816,  46.8397,  16.9374,
         69.9615,  24.1642,  26.3850,  12.2642,  15.5807,  27.0716,  12.1130,
         38.3685,  51.8505,  34.3218,  49.8652,  31.1563,  74.7893,  23.9606,
         49.8041,  32.5530, 132.8563,  71.4469])
tensor([100.4118,  57.2052,  64.2557,  41.4330,  86.4120,  42.9704,  89.1600,
         72.8225,  60.6036,   0.0000, 116.0539,  70.5909,  83.2231,  27.1550,
         88.1514,  40.7455,  55.8942, 103.6722,  80.5604,  98.4197,  41.2771,
         68.3045, 111.8557,  95.5624,  54.6588, 124.9264,  37.3196,  23.0516,
         26.1066,  75.6767,  40.2045,  13.3980,  30.3647,  23.4595,  23.5445,
        111.8671,  59.3855,  68.9123,  60.7693,  92.1816,  20.1254,  30.6689,
         69.9615,  22.1648,  18.9944,  21.8626,  48.0769,  17.5348,  12.1130,
         24.1225,  19.6702,  34.3218,  66.1563,  31.1563,  74.7893,  23.9606,
         60.0158,  32.5530, 132.8563,  71.4469])
tensor([ 81.5905,  57.2052,  73.6850,  41.4330,  59.2055,  42.9704, 100.4060,
         72.8225,  82.6915,   0.0000, 114.0998,  70.5909,  77.8962,  27.5525,
         88.1514,  40.7455,  59.0019, 103.6722,  80.5604,  55.4096,  41.2771,
         68.3045,  83.0069,  95.5624,  64.2914, 124.9264,  38.8195,  31.9915,
         26.1066,  77.3107,  40.1421,  20.9314,  48.9817,  23.4595,  23.5445,
        101.2017,  49.6425, 113.6875,  97.1288, 102.5421,  20.1254,  30.6689,
         69.9615,  22.1648,  18.9944,  19.7640,  32.5884,  26.4673,  17.9360,
         24.1225,  19.6702,  34.3218,  66.1563,  41.1725,  74.7893,  33.1390,
         60.0158,  32.5530, 118.6932,  71.4469])
tensor([ 81.5905,  75.6123,  76.1684,  41.4330,  76.4065,  42.9704, 165.9673,
         72.8225, 106.1780,   0.0000,  66.3452,  70.5909,  99.9363,  22.0286,
         88.1514,  29.0435,  59.0019,  68.9228,  48.3848,  55.4096,  22.1798,
        120.1847, 121.7609,  95.5624,  96.9718,  60.8947,  38.8195,  78.2939,
         26.1066,  77.3107,  40.1421,  28.6394,  34.8590,  23.4595,  24.5299,
        119.3402,  44.3687, 111.8717,  97.1288,  88.8280,  20.1254,  30.6689,
         46.9988,  22.1648,  18.9944,  19.7640,  32.5884,  26.4673,  17.9360,
         24.1225,  19.6702,  34.3218,  66.1563,  51.7278,  49.4607,   9.3021,
         60.0158,  78.4018, 151.0958,  71.4469])
tensor([ 81.5905,  75.6123,  69.1830,  41.4330, 102.7255,  42.9704,  90.1202,
         35.1930,  62.2433,  18.1425, 220.6635,  70.5909,  99.9363,  20.0787,
         88.1514,  88.7083,  31.3125,  97.5420, 114.8701,  55.4096,  21.1860,
         95.5017, 121.7609,  65.6635, 127.1976,  60.8947,  22.8938,  78.2939,
         26.1066,  77.3107,  40.1421,  27.1691,  38.4617,  23.4595,  23.1520,
         97.5809,  44.3687, 123.4019,  58.7852,  88.8280,  20.1254,  30.6689,
         46.9988,  22.1648,  18.9944,  19.7640,  32.5884,   7.8215,  19.7798,
         24.1225,  19.6702,  10.0035,  90.2457,  51.7278,  49.4607,   9.3021,
         72.8882,  78.4018,  76.2349, 104.6700])
tensor([ 75.0944,  75.6123, 128.3190,  41.4330,  61.7210,  22.5739, 144.8603,
         50.4915, 108.7173,  18.1425, 220.6635,  70.5909,  99.9363,  20.0787,
         58.8204,  88.7083,  31.3125,  91.8446,  83.0140,  55.4096,  21.1860,
        128.2734, 121.7609,  90.6041,  60.4886,  60.8947,  52.0163,  78.2939,
         26.1066, 108.0312,  40.1421,  27.1691,  51.9907,  23.4595,  40.9348,
        164.2139,  17.2817,  75.4077,  58.7852,  76.8481,  20.1254,  40.0039,
         46.9988,  22.1648,  27.3238,  19.7640,  63.8928,  26.1200,  25.3578,
         24.1225,  71.0834,  42.1996,  90.2457,  51.7278,  40.7438,   9.3021,
         72.8882,  34.8035,  76.2349, 104.6700])
tensor([117.2658,  78.8524, 124.1825,  41.4330,  61.7210,  22.5739, 162.6956,
         74.7752, 108.7173,  18.1425, 100.1543,  70.5909, 101.4660,  16.8228,
         58.8204,  31.8559,  52.1429,  91.8446,  98.9092,  55.4096,  23.4283,
        128.2734, 121.7609,  90.6041,  72.6472,  60.8947,  33.1861,  38.0785,
         34.9568, 108.0312,  38.3043,  27.1691,  51.9907,  23.4595,  35.0267,
        113.3516,  60.7443, 110.5441,  58.7852,  76.8481,  20.1254,  40.0039,
         46.9988,  40.1572,  19.8309,  19.7640,  63.8928,  26.1200,  26.1547,
         24.1225,  49.2969,  61.2069,  90.2457,  51.7278,  40.7438,  15.6075,
         91.4741,  40.4799, 100.4365, 104.6700])
tensor([117.2658,  78.8524, 157.8838,  41.4330,  37.2059,  22.5739, 162.6956,
         96.5863, 108.7173,  18.1425, 100.1543,  95.8113, 140.0434,  20.8812,
         58.8204,  27.9319,  73.7577,  91.8446, 116.9784,  36.7649,  18.8374,
        128.2734,  89.3483,  68.5462,  72.6472,  79.5584,  33.1861,  38.0785,
         39.6969, 127.3306,  33.4040,  27.1691,  51.9907,  23.4595,  39.3444,
        113.3516,  60.7443, 110.5441, 143.1254,  93.7228,  20.1254,  19.2274,
         46.9988,  47.8281,  30.0147,  19.7640,  29.9381,  26.1200,  26.1547,
         24.1225,  68.1580,  61.2069,  62.4885,  42.5057,  40.7438,  27.0539,
        123.4468,  40.4799, 100.4365,  85.8950])
tensor([117.2658,  60.9400, 117.9660,  41.4330,  37.2059,  54.4786,  98.8551,
         96.5863, 108.7173,  18.1425, 100.1543, 138.1667, 140.0434,  20.8812,
        117.7169,  51.8494,  73.7577,  83.6755, 116.9784,  76.6420,  28.4456,
         84.9592,  89.3483,  68.5462,  95.8298, 176.6539,  33.1861,  38.0785,
         37.9550, 127.3306,  33.4040,  27.1691,  51.9907,  23.4595,  24.7502,
        109.2337,  71.9913,  77.2502, 143.1254,  93.7228,  32.6543,  29.9733,
         46.9988,  47.8281,  30.0147,  19.9035,  48.0680,  23.6772,  20.0228,
         32.3269,  47.3721,  61.2069, 102.5125,  32.9118,  66.2071,  27.0539,
        123.4468,  26.0360, 100.4365,  85.8950])
tensor([ 88.3938,  84.4238, 117.9660,  41.4330,  75.8789,  54.4786, 143.8381,
         96.5863, 108.7173,  17.1039, 100.1543, 127.9745, 140.0434,  20.8812,
        117.7169,  51.8494,  73.7577, 133.0049, 112.7638,  61.2363,  24.6898,
         84.9592, 107.2478,  68.5462,  95.8298, 176.6539,  33.1861,  38.0785,
         37.9550, 127.3306,  66.4826,  30.4903,  52.6483,  23.4595,  24.7502,
        144.5899,  71.9913, 141.6366, 143.1254, 145.3168,  40.7684,  24.4241,
         64.9701,  38.9036,  16.6828,  19.5943,  42.8254,  23.6772,  17.3012,
         32.3269,  66.9384,  61.2069, 115.4275,  32.9118,  96.7263,  25.8415,
        109.4160,  26.0360, 100.4365,  85.8950])
tensor([145.1781,  84.4238, 140.1186,  46.7775,  80.9391,  54.4786, 143.8381,
         96.5863, 108.7173,  41.9187, 100.5792, 133.8819,  49.0727,  25.8208,
        117.7169,  39.5771,  67.1278, 133.0049, 112.7638,  81.6213,  64.8547,
         84.9592, 107.2478,  68.5462,  95.8298, 176.6539,  33.1861,  21.9081,
         25.0168,  66.4337,  66.4826,  30.4903,  52.6483,  23.4595,  31.3233,
        132.8046,  59.0105, 141.6366,  85.7433,  97.2896,  40.7684,  24.4241,
         64.9701,  20.1978,  27.8386,  19.5943,  47.5275,  18.1689,  17.3012,
         23.4535,  90.2994,  61.2069, 115.4275,  32.9118,  96.7263,  25.8415,
        129.5398,  20.6809,  89.5952,  85.8950])
tensor([128.3406,  98.2492, 140.1186,  67.7707,  80.9391,  37.7572, 143.8381,
         96.5863, 117.1161,  41.9187,  58.5101, 119.8805,  49.0727,  25.8208,
         49.1107,  39.5771,  73.1053,  92.6840, 112.7638,  81.6213,  64.8547,
        145.9322, 123.7078,  68.5462,  95.8298,  57.3183,  34.9728,  21.9081,
         25.0168,  66.4337,  66.4826,  34.3801,  52.6483,  23.4595,  35.8583,
        132.8046,  43.4965, 100.1136, 173.4764,  97.2896,  40.7684,  11.3205,
         56.4795,  20.1978,  18.4386,  23.3400,  47.5275,  55.0607,  17.3012,
         23.4535,  88.2819,  61.2069, 115.4275,  54.3444,  70.3608,  24.8301,
        141.5907,  20.6809,  89.5952,  87.5425])
tensor([128.3406,  98.2492, 140.1186,  98.6061,  85.5031,  37.7572, 143.8381,
         96.5863, 117.1161,  17.8908, 217.6070, 119.8805,  49.0727,  11.5862,
        148.0624,  63.9981,  73.1053, 100.1989, 112.7638,  33.9359,  17.6001,
         71.5611, 123.7078,  70.3408,  95.8298,  57.3183,  39.0514,  21.9081,
         35.8831,  66.4337,  69.0244,  14.4029,  60.9386,  24.2333,  35.8583,
         57.1143, 107.8162, 100.1136, 173.4764, 132.9526,  59.7229,  11.5352,
         56.4795,  26.3262,  18.4386,   7.5878,  14.4257,  55.0607,  17.3012,
         23.4535,  88.2819,  10.5480, 115.4275,  54.3444, 120.1525,  24.8301,
        141.5907,  10.0834, 114.4760,  87.5425])
tensor([128.3406,  98.2492, 140.1186,  64.3711,  85.5031,  55.5559, 143.8381,
         46.4069, 117.1161,  36.3708, 112.6692,  96.8372,  49.0727,  34.7555,
        148.0624,  63.9981,  84.4021, 125.6012, 112.7638,  80.9271,  17.6001,
         71.5611,  99.7135,  91.0030, 122.8649, 120.0871,  39.0514,  17.4386,
         35.8831,  69.7563,  69.0244,  57.5924,  39.8050,  24.2333,  35.8583,
        136.9699,  66.2438, 100.1136,  84.3459, 132.9526,  59.7229,  11.5352,
         56.4795,  33.9745,  19.4992,   7.5878,  14.4257,  16.2237,  17.3012,
         35.6789,  88.2819,  10.5480,  96.0405,  36.4894, 106.5620,  24.8301,
        141.5907,  22.9529, 114.4760,  86.0680])
tensor([128.3406,  98.2492,  81.8955,  64.3711,  85.5031,  69.1205, 136.4362,
         61.4126,  87.8830,  36.3708, 154.4542,  96.8372,  49.0727,  15.8674,
        148.0624,  63.4473,  78.8645, 147.8727, 112.7638,  80.9271,  11.4002,
         71.5611,  99.7135,  91.0030,  91.8840, 156.9393,  39.0514,  51.5751,
         43.3866,  69.7563,  69.0244,  19.3757,  52.6528,  21.3832,  35.8583,
        136.9699,  66.2438, 100.1136,  84.3459, 128.8307,  41.1546,  11.5352,
         70.0834,  50.8649,  34.2252,   7.5878,  21.2483,  42.1422,  11.3684,
         55.0985,  88.2819,  51.7856,  96.0405,  36.4894, 106.5620,  24.8301,
        129.3143,  22.9529, 114.4760, 148.1243])
tensor([ 94.3891,  95.0845,  81.8955,  64.3711,  85.5031,  69.1205, 136.4362,
        130.6698,  87.8830,  17.0059, 154.4542, 139.0908,  84.8707,  27.9649,
        148.0624,  55.6924,  96.4126, 161.9417,  97.1948,  58.3710,  11.4002,
         71.5611,  99.7135,  91.0030, 128.6987, 156.9393,  26.4197,  51.5751,
         67.9390,  69.7563,  69.0244,  19.3757,  52.6528,  35.8991,  33.3760,
        132.4029,  66.2438,  99.6137,  95.8637, 128.8307,  39.7365,  11.5352,
         98.7325,  46.6216,  34.2252,   7.5878,  21.2483,  31.1270,  11.3684,
         49.1264,  84.5150,  51.7856,  95.3938,  47.5959,  76.2103,  24.8301,
        129.3143,  22.9529, 114.4760, 125.0211])
tensor([176.8284, 113.6731,  81.8955,  64.3711,  46.0122,  69.1205, 116.9885,
        129.6138,  81.3423,  17.0059,  84.7839, 139.0908,  84.8707,  31.2937,
        148.0624,  55.6924, 117.4032, 161.9417, 127.6341,  58.3710,  11.4002,
         71.5611,  73.3999, 100.0499, 118.8820, 156.9393,  60.9636,  51.5751,
         53.1098,  69.7563,  69.0244,  19.4424,  79.8928,  35.8991,  58.7487,
        121.8338,  28.8419,  99.6137,  95.8637, 128.8307,  39.7365,  11.5352,
        103.0477,  29.4903,  34.2252,  18.8571,  44.6447,  33.2584,  15.6453,
         49.1264, 124.8113,  38.2562,  95.3938,  35.2710,  76.2103,  24.8301,
        129.3143,  31.5797, 114.4760, 125.0211])
tensor([129.6041, 113.6731,  81.8955,  64.3711,  46.0122,  69.1205, 116.9885,
         73.5229,  81.3423,  17.0059,  84.7839, 139.0908, 101.3920,  49.1133,
        148.0624,  55.6924, 117.4032,  98.1315, 127.6341,  54.9399,  33.7237,
        146.1257, 140.4164, 100.0499, 184.3429,  66.8948,  60.9636,  38.5853,
         53.3258, 125.3465,  69.0244,  48.3594,  44.0478,  36.8588,  37.6324,
        121.8338,  57.5406, 105.9443,  95.8637, 128.8307,  39.7365,  11.5352,
        103.0477,  37.2973,  34.2252,  33.1392,  44.6447,  33.2584,  38.3066,
         39.5097,  51.1958,  49.4053,  95.3938,  39.8051,  64.0739,  24.8301,
        115.1134,  31.5797, 125.0804, 125.0211])
tensor([162.5991,  95.0362,  81.8955,  64.3711,  68.9979,  69.1205, 116.9885,
         73.5229,  81.3423,  17.0059,  65.5411, 139.0908, 125.4486,  49.1133,
        148.0624,  60.2650, 117.4032,  98.1315,  78.9818,  64.1163,  33.7237,
        134.3712, 140.4164,  57.4633,  94.7942,  68.6423,  25.0251,  62.1889,
         46.9725, 172.8590,  69.0244,  20.5271,  44.0478,  47.2118,  37.6324,
        121.8338,  57.5406, 148.7987, 166.6223, 107.8385,  39.7365,  11.5352,
         61.4441,  37.2973,  18.0802,  20.3298,  31.0820,  47.5947,  38.3066,
         39.5097,  51.1958,  67.0562,  95.3938,  56.6107,  64.0739,  29.6892,
        136.8371,  31.5797, 125.0804, 125.0211])
tensor([133.8175,  95.0362, 111.9462,  64.3711, 132.8830,  69.1205,  93.2122,
         73.5229,  81.3423,  18.9652, 148.0554, 154.7163, 125.4486,  49.1133,
        148.0624,  60.2650,  66.2151,  79.7260,  78.9818,  54.2518,  33.7237,
        134.3712, 127.1307, 114.2289,  94.7942, 157.0848,  26.0572,  62.1889,
         46.9725,  71.5676,  69.0244,  37.8664,  51.8253,  47.2118,  30.4298,
        121.8338,  57.5406, 148.7987,  94.7428, 158.4647,  35.5043,  11.5352,
         61.4441,  34.0305,  18.0802,  21.3632,  31.0820,  47.5947,  38.3066,
         32.2706,  52.5366,  26.8275,  95.3938,  35.6182,  64.0739,  29.6892,
         83.8747,  31.5797, 116.8261, 124.6303])
tensor([133.8175,  96.0226, 111.9462,  64.3711, 104.2583,  44.6416,  93.2122,
         73.5229,  81.3423,  18.9652,  84.2319, 154.7163, 125.4486,  11.7867,
        148.0624,  39.2763, 132.0174, 134.3552,  78.9818,  92.5947,  33.7237,
        148.6358, 136.0589,  87.1116,  94.7942,  86.3032,  26.0572,  64.3916,
         21.5594, 143.9460,  69.0244,  37.8664,  85.4270,  36.8201,  49.9972,
        121.8338,  57.5406, 124.8723, 185.0566, 158.4647,  99.0017,  11.5352,
         68.5679,  38.4197,  25.3560,  16.0541,  31.0820,  47.1577,  38.3066,
         32.2706,  52.5366,  61.6369,  95.3938,  35.6182,  64.0739,  37.8230,
         83.8747,  55.9633, 116.8261, 124.6303])
tensor([133.8175,  88.6250, 111.9462,  60.9595, 104.2583,  44.6416,  93.2122,
         73.5229,  81.3423,  18.9652, 131.7873, 133.6571, 125.4486,  11.7867,
         82.9228,  58.6357, 102.0054,  94.2776,  78.9818,  77.6096,  10.1324,
        168.8947, 157.0727,  87.1116,  94.7942, 126.2362,  26.0572,  52.5112,
         21.5594, 138.1257,  54.4084,  37.8664,  85.4270,  36.8201,  49.9972,
         93.7217,  57.5406, 124.8723, 185.0566, 122.4094,  40.5810,   6.9082,
         68.5679,  55.9370,  25.3560,  21.9752,  33.0745,  46.6899,  10.1065,
         32.2706,  52.5366,  51.8890,  71.3080,  50.8172,  64.0739,  37.8230,
         83.8747,  55.9633, 134.8076, 109.3552])
tensor([133.8175,  88.6250,  78.7191,  60.9595, 111.8677,  44.6416,  93.2122,
         78.8444,  99.0429,  44.5515, 187.9401, 133.6571,  70.8448,  27.9469,
         82.9228,  50.9528, 102.2107, 137.3660,  78.9818,  82.3274,  10.1324,
        168.8947, 157.0727,  77.7184,  94.7942, 195.8004,  26.0572,  52.5112,
         45.5108, 108.1774,  54.4084,  37.8664,  85.4270,  28.3332,  49.9972,
         93.7217,  62.6573, 115.1125, 105.9141, 122.4094,  38.9877,   6.9082,
         68.5679,  55.9370,  25.3560,  21.9752,  77.5090,  46.6899,  23.8260,
         52.2276,  74.3298,  44.6969, 145.9547,  56.6347,  64.0739,  37.8230,
         83.8747,  42.0313, 172.0642, 109.3552])
tensor([133.8175, 104.1147, 136.4286,  68.6366, 111.8677,  44.6416, 144.1491,
         80.3504,  99.0429,  44.5515, 187.9401, 106.6956, 115.0766,  26.5960,
         55.1422,  50.9528, 102.2107, 129.5532,  78.9818,  82.3274,  30.7867,
        130.1564, 157.0727,  77.7184,  94.7942,  75.4862,  26.0572,  52.5112,
         45.6081, 108.1774,  54.4084,  30.2757,  85.4270,  40.1462,  49.9972,
        121.3261,  62.6573, 115.1125, 159.8367, 110.7562,  38.9877,  32.1941,
         68.5679,  42.7682,  24.2759,  21.9752,  77.5090,  46.6899,  33.4332,
         52.2276,  74.3298,  44.6969, 112.4339,  49.0142,  66.1349,  16.1467,
         83.8747,  64.8399, 208.3360,  89.2648])
tensor([ 95.1416, 104.1147, 122.9138,  68.6366, 111.8677,  55.7140, 144.1491,
        188.0690,  99.0429,  44.5515, 108.5542, 106.6956, 102.8865,  42.1164,
        104.9782,  29.4575,  46.6698, 129.5532, 141.9817,  82.3274,  31.1362,
        107.8204, 157.0727,  77.7184,  94.3687, 119.8061,  26.0572,  52.5112,
         80.5167,  89.2719,  32.1438,  30.9712,  85.4270,  40.1462,  49.9972,
        158.0047,  62.6573, 109.8775, 116.5589, 110.7562,  32.5892,  32.1941,
         68.5679,  42.7682,  24.2759,  18.5079,  77.5090,  46.6899,  26.4298,
         48.7438,  72.1065,  31.2833, 135.5276,  49.0142, 123.3822,  16.1467,
         83.8747,  64.8399, 208.3360,  89.2648])
tensor([122.8587,  82.2096, 137.9998,  49.9818, 111.8677,  75.9813, 144.1491,
         61.3985,  93.3302,  21.3829, 108.5542, 106.6956, 102.8865,  29.9921,
        104.9782,  29.4575,  54.1704,  83.9228, 141.9817,  34.8696,  31.1362,
        107.8204, 157.0727,  77.7184, 188.8205, 119.8061,  26.0572,  52.5112,
         80.5167,  94.0433,  32.1438,  30.9712,  85.4270,  39.8201,  31.0446,
        158.0047,  89.0240, 109.8775, 127.6621, 110.7562,  32.5892,  20.6772,
         77.4727,  20.0727,  24.2759,  18.5079,  77.5090,  19.6217,  23.4381,
         48.7438,  71.4080,  30.2142, 150.3515,  49.0142, 123.3822,  18.3627,
         79.7440,  28.8055, 144.1929,  89.2648])
tensor([122.8587, 147.4752, 137.9998, 142.2605, 111.8677,  39.7792, 144.1491,
         61.3985, 144.3568,  21.3829, 108.5542, 133.2974, 134.8830,  29.9921,
        104.9782,  17.4903, 132.8852, 147.9628, 141.9817,  34.8696,  31.1362,
        114.6215,  80.5818,  77.7184,  75.0517, 119.8061,  26.0572,  67.7206,
         74.4801,  94.0433,  32.1438,  19.9557,  85.4270,  49.4293,  31.0446,
        176.1432,  89.0240, 134.7872, 190.7245, 110.7562,  59.9276,  51.5090,
         94.0999,  49.5790,  24.7332,  20.9985,  77.5090,  49.6637,  23.4381,
         50.6807,  71.4080,  30.2142, 115.0861,  49.0142, 123.3822,  58.1525,
         79.7440,  28.8055, 201.0710,  89.2648])
tensor([122.8587, 147.4752, 166.5421, 113.2400,  89.7347,  50.8136, 134.5662,
         61.3985, 144.3568,  30.4299,  34.5166, 136.4795, 157.5952,  35.4219,
        104.9782,  17.4903, 150.1624, 152.3954, 141.9817,  34.8696,  31.1362,
        114.6215,  80.5818, 122.9475,  75.0517, 119.8061,  37.0225,  61.2129,
         74.4801,  94.0433,  27.2881,  19.9557,  58.9942,  49.4293,  43.3011,
        182.6544,  89.0240, 134.7872, 190.7245, 112.1084,  59.9276,  46.8601,
         97.6148,  67.0234,  24.7332,  33.7807,  82.1939,  50.8615,  23.4381,
         50.6807,  71.4080,  30.2142, 132.5321,  49.0142,  76.0192,  58.1525,
        130.6333,  28.8055, 203.8908,  89.2648])
tensor([122.8587, 109.0868, 205.4778, 123.0904,  89.7347,  71.4128, 134.5662,
         94.2413,  94.3558,  30.4299,  34.5166, 136.4795, 157.5952,  35.4219,
        104.9782,  17.4903, 142.5873, 144.5942, 141.9817,  75.8961,  23.7452,
        114.6215,  80.5818, 122.9475, 136.2477,  69.1978,  37.0225,  40.1327,
         48.9270,  94.0433,  27.2881,  19.9557,  58.9942,  51.0054,  56.9033,
        182.6544,  78.6031, 134.7872, 110.1317, 112.1084,  59.9276,  46.8601,
        116.3912,  38.5179,  27.5923,  27.6969,  82.1939,  36.7781,  17.7766,
         50.6807,  71.4080,  30.2142, 132.5321,  37.0220, 107.2802,  41.3314,
        143.0591,  28.8055, 118.9226, 140.9934])
tensor([122.8587, 157.2268, 205.4778, 123.0904,  89.7347,  71.4128, 156.4953,
         94.2413, 118.8243,  30.4299,  74.3032, 136.4795, 116.0247,  26.5654,
        104.9782,  43.0324, 142.5873, 144.5942, 113.9206, 134.3505,  23.7452,
        105.7534,  80.5818,  96.8870, 136.2477,  76.7414,  37.0225,  56.3199,
         80.6099,  94.0433,  42.6278,  19.9557,  65.4864,  55.5477,  38.7020,
        161.7667,  78.6031, 114.8368, 110.1317, 112.1084,  44.8560,  42.6459,
        116.3912,  68.7510,  27.5923,  27.6969,  24.2059,  36.7781,  26.8237,
         50.6807,  83.7425,  30.2142, 119.2726,  60.6808, 107.2802,  55.9022,
        143.0591,  33.8134, 118.9226, 140.9934])
tensor([ 96.4313, 157.2268, 113.0542, 123.0904, 104.6144,  71.4128,  97.9620,
         72.2058, 131.4551,  32.4371,  74.3032, 136.4795, 116.0247,  26.5654,
        110.2571,  43.0324, 142.5873,  70.4303, 113.9206,  71.5561,  41.5204,
        105.7534, 109.4528,  96.8870, 136.2477,  76.7414,  27.6463,  56.3199,
         80.6099,  94.0433,  42.6278,  19.9557,  75.4055,  57.3157,  37.3237,
        161.7667,  52.1408, 117.1288, 110.1317, 112.1084,  49.3260,  55.1287,
        116.3912,  68.7510,   8.3077,  27.6969,  24.2059,  27.2489,  39.8288,
         36.7641,  91.6870,  30.2142, 112.4752,  60.6808, 107.2802,  23.9089,
         98.6972,  33.8134, 154.3774, 168.5337])
tensor([ 96.4313, 114.5611, 113.0542,  62.3761, 121.3693,  31.4519,  97.9620,
         72.2058, 155.8464,  32.4371,  51.6074, 136.4795, 116.0247,  26.5654,
        110.2571,  25.9816,  84.5114, 124.5802, 113.9206,  83.3978,  41.5204,
        120.7616, 109.4528,  74.1232,  83.1273,  53.6375,  27.6463,  56.3199,
         80.6099,  93.4780,  26.9221,  14.3115, 105.8331,  72.4715,  54.7424,
        161.7667,  30.1670, 126.4519, 110.1317, 112.1084,  85.3549,  74.0329,
        116.3912,  68.7510,   8.3077,  18.8254,  24.2059,  31.4379,  39.8288,
         36.7641, 142.6389,  30.2142,  96.7460,  60.6808, 107.2802,  23.9089,
        156.5717,  21.4931, 154.3774, 168.5337])
tensor([ 96.4313, 137.1977, 113.0542,  91.9577, 157.4617,  85.7951,  91.1091,
         72.6467, 104.7842,  32.4371,  51.6074, 182.5450, 116.0247,  40.2012,
        109.1515,  25.9816, 130.0595, 105.4112, 114.6614,  83.3978,  41.5204,
        120.7616, 109.4528,  74.1232,  83.1273,  53.6375,  28.5316,  44.8066,
         80.6099,  93.4780,  26.9221,  14.3115,  69.2544,  41.7818,  34.8660,
        161.7667,  98.7853, 126.4519, 110.1317, 156.7450,  61.7463,  74.0329,
         77.6098,  28.8360,   8.3077,  18.8254,  65.1259,  35.1537,  39.8288,
         31.8378, 142.6389,  30.2142,  96.7460,  35.7156, 107.2802,  23.9089,
         82.5422,  21.4931, 136.1682, 164.8024])
tensor([129.5309, 137.1977, 113.0542,  91.9577, 106.4194,  85.7951,  91.1091,
         72.6467, 104.7842,  32.4371,  51.6074, 182.5450, 107.6713,  40.2012,
        107.5517,  33.7856, 112.6377, 105.4112, 147.6339,  83.3978,  41.5204,
        120.7616, 109.4528,  88.0354,  82.0047,  53.6375,  35.3933,  61.5536,
         77.2862,  93.4780,  36.0721,  34.2642,  79.5536,  41.7818,  51.9485,
        161.7667,  98.7853, 107.3996, 103.8414, 156.7450,  66.3278,  74.0329,
         96.4300,  44.1276,   8.3077,  22.4205,  65.1259,  35.1537,  39.8288,
         59.8112, 142.6389,  43.6185,  96.7460,  35.7156,  65.5771,  49.1582,
        162.4947,  37.2752, 159.1851, 192.8947])
tensor([178.8242, 137.1977, 165.3450,  91.9577, 106.4194,  85.7951,  91.1091,
         58.2406, 104.7842,  32.4371,  51.6074, 182.5450, 130.4651,  40.2012,
        107.5517,  33.7856, 112.6377, 105.4112, 105.4663,  83.7779,  11.9063,
        120.7616, 133.5368,  88.0354,  82.0047,  53.6375,  51.2652,  64.6674,
         77.2862, 131.0430,  36.0721,  34.2642,  79.6953,  54.1790,  67.5244,
        132.3622,  83.6626, 161.4043, 103.8414, 132.2183,  82.2547,  13.0543,
        137.4982,  44.1276,  29.7926,  22.4205,  58.2382,  38.7516,  39.8288,
         42.4113, 110.8057,  43.6185,  96.7460,  35.7156,  65.5771,  44.4509,
        125.0724,  39.9655, 159.1851, 148.9472])
tensor([32.6145, 11.5393,  0.0000,  0.0000, 24.7069,  0.0000, 55.1524, 60.2710,
        53.2342,  0.0000,  0.0000,  0.0000,  0.0000, 42.3263, 43.8886,  0.0000,
        67.2528, 38.0556,  0.0000,  0.0000, 59.4006,  0.0000,  0.0000,  0.0000,
        52.0046,  0.0000,  0.0000, 73.6475, 19.2315,  0.0000, 53.4330, 51.9835,
        11.7522,  0.0000,  0.0000,  0.0000, 22.0858,  0.0000, 47.5956, 15.5899,
         0.0000, 13.1503, 32.5413,  0.0000, 19.9834,  0.0000, 79.8124,  0.0000,
        31.8495, 70.2352,  0.0000, 83.7251,  0.0000,  0.0000, 38.8596, 52.0794,
        67.2578,  0.0000,  0.0000,  0.0000])
tensor([14.4612, 20.5245,  0.0000,  0.0000, 24.7069,  0.0000, 54.9656, 80.5448,
        53.2342,  0.0000,  0.0000, 28.9312,  0.0000, 84.2227, 30.8548,  0.0000,
        67.2528, 38.0556, 18.0479,  0.0000, 59.4006, 85.5178, 72.5416,  0.0000,
        91.2881,  0.0000, 32.9345, 89.3994, 26.8021, 67.5920, 53.4330, 29.4081,
        11.7522, 35.5995, 63.5007, 31.5463, 22.0858,  0.0000, 47.5956, 23.8518,
         0.0000, 29.2576, 31.2964, 30.6663, 31.2585, 45.7643, 88.0838, 48.3608,
        55.1237, 70.2352, 30.9362, 83.7251,  0.0000,  0.0000, 38.8596, 52.0794,
        97.6190,  0.0000,  0.0000,  0.0000])
tensor([ 14.4612,  20.5245,  37.3157,   0.0000,  24.7069,  60.4812,  97.7821,
         80.5448,  53.2342,   0.0000,  55.0517,  33.8697,  41.6273,  84.2227,
         30.8548,  39.0295,  61.5275,  38.0556,  29.6371,  68.0009,  59.4006,
         85.5178,  72.5416,  54.7137,  91.2881,  43.1623,  54.2167, 125.8457,
         38.1709,  67.5920,  60.4262,  40.1533,  20.8317,  35.5995,  63.5007,
         54.6949,  22.0858,  91.1527,  32.2096,  23.8518,   0.0000,  29.2576,
         33.9573,  30.6663,  31.2585,  66.3026,  84.4949,  75.0297,  55.1237,
         59.0974,  30.9362,  83.7251,   0.0000,  28.2949,  38.8596,  44.2518,
         97.6190,  42.9155,   0.0000,  82.5201])
tensor([ 14.5330,  12.8830,  28.3257,   0.0000,  24.7069,  60.4812,  97.7821,
         80.5448,  53.2342,   0.0000,  60.2921,  33.8697,  80.4370,  84.2227,
         38.3973,  39.0295,  61.5275,  38.0556,  29.6371,  83.2070,  59.4006,
         85.5178, 101.8732,  82.2082,  91.2881,  29.9984,  54.2167, 125.8457,
         38.1709,  84.8016,  73.7017,  50.1226,  22.9253,  30.8034,  61.4952,
         70.1012,  22.0858, 140.4338,  32.2096,  10.4636,   0.0000,  17.9174,
         47.9591,  30.6663,  32.1911,  68.9701,  80.6657,  75.0297,  32.7612,
         59.0974,  33.7171,  83.7251,   0.0000,  23.8955,  38.8596,  37.9693,
         37.8457,  42.9155,  99.8106,  82.5201])
