tensor([35.6950, 37.8109,  0.0000,  0.0000, 36.0380,  0.0000, 36.2308, 36.9555,
        35.3697,  0.0000,  0.0000,  0.0000,  0.0000, 35.6570, 35.6432,  0.0000,
        35.7269, 37.5561,  0.0000,  0.0000, 36.9488,  0.0000,  0.0000,  0.0000,
        35.9459,  0.0000,  0.0000, 37.0885, 35.1425,  0.0000, 35.6712, 36.0000,
        36.3054,  0.0000,  0.0000,  0.0000, 37.0226,  0.0000, 37.1046, 36.9583,
         0.0000, 37.3663, 36.4064,  0.0000, 36.9191,  0.0000, 34.7029,  0.0000,
        38.1360, 37.0271,  0.0000, 35.7983,  0.0000,  0.0000, 36.2743, 35.9023,
        37.1150,  0.0000,  0.0000,  0.0000])
tensor([59.2813, 52.6436,  0.0000,  0.0000, 36.0380,  0.0000, 63.1525, 53.9496,
        35.3697,  0.0000,  0.0000, 54.4195,  0.0000, 62.5244, 60.5357,  0.0000,
        35.7269, 37.5561, 52.6993,  0.0000, 36.9488, 53.5060, 60.6350,  0.0000,
        61.9539,  0.0000, 55.4543, 55.5083, 60.0293, 59.2149, 35.6712, 60.6872,
        36.3054, 59.2297, 61.5611, 60.0850, 37.0226,  0.0000, 37.1046, 53.5230,
         0.0000, 52.5248, 63.0240, 54.1516, 52.4910, 51.9167, 59.3584, 54.6816,
        52.5253, 37.0271, 60.1210, 35.7983,  0.0000,  0.0000, 36.2743, 35.9023,
        53.7714,  0.0000,  0.0000,  0.0000])
tensor([59.2813, 52.6436, 82.3909,  0.0000, 36.0380, 85.8688, 79.8672, 53.9496,
        35.3697,  0.0000, 81.9355, 87.9336, 75.0516, 62.5244, 60.5357, 80.9834,
        75.5276, 37.5561, 85.0266, 81.9398, 36.9488, 53.5060, 60.6350, 84.2270,
        61.9539, 75.6050, 87.0394, 87.2445, 74.4673, 59.2149, 74.5708, 76.7651,
        76.4045, 59.2297, 61.5611, 76.3562, 37.0226, 80.3903, 84.8875, 53.5230,
         0.0000, 52.5248, 79.3449, 54.1516, 52.4910, 81.7803, 78.7935, 87.8481,
        52.5253, 87.2951, 60.1210, 35.7983,  0.0000, 86.2508, 36.2743, 76.5521,
        53.7714, 73.9626,  0.0000, 72.8636])
tensor([100.4772,  94.7040,  95.0999,   0.0000,  36.0380,  85.8688,  79.8672,
         53.9496,  35.3697,   0.0000,  98.2582,  87.9336,  99.7287,  62.5244,
         99.9279,  80.9834,  75.5276,  37.5561,  85.0266,  98.6228,  36.9488,
         53.5060,  98.7818, 100.2508,  61.9539, 103.6754,  87.0394,  87.2445,
         74.4673, 100.5635, 100.4524, 101.7209, 100.5201,  97.1698,  98.9824,
        104.0735,  37.0226,  94.7348,  84.8875,  98.3432,   0.0000,  95.3019,
        112.9940,  54.1516,  95.3452,  94.3591, 103.2265,  87.8481,  96.7791,
         87.2951,  99.0487,  35.7983,   0.0000,  99.7974,  36.2743, 103.7588,
         98.6596,  73.9626,  94.5755,  72.8636])
tensor([151.5566,  94.7040,  95.0999, 141.4539,  36.0380,  85.8688,  79.8672,
         53.9496, 151.4194,   0.0000,  98.2582,  87.9336, 151.9002, 146.8253,
        150.1694,  80.9834,  75.5276,  79.8182,  85.0266,  98.6228,  36.9488,
         86.4914, 147.7090,  84.4886, 143.7569, 103.6754,  83.2112,  83.7066,
         74.4673, 100.5635, 152.0997, 158.3099, 151.4178, 151.3646,  98.9824,
        160.2359,  79.3704,  81.0247,  83.3888,  98.3432,  80.6078,  95.3019,
        163.5661,  54.1516,  95.3452,  94.3591, 158.5344,  85.1174,  96.7791,
         87.2951, 151.5927, 142.0454,  82.3492,  99.7974, 145.8681, 103.7588,
         98.6596, 147.5232,  94.5755,  72.8636])
tensor([181.6829,  77.7836,  81.5446, 141.4539, 169.7080,  87.4415,  79.8672,
         80.0309, 172.3440,   0.0000,  86.4651,  85.9268, 151.9002, 146.8253,
        175.7919,  76.9982, 169.1859,  89.8536,  80.8707,  98.6228,  36.9488,
         86.4914, 179.5955,  84.4886, 143.7569, 103.6754,  83.2112,  83.7066,
        162.4605, 100.5635, 152.0997, 158.3099, 181.7117, 151.3646,  98.9824,
        186.0759,  79.3704,  92.9290,  91.3687,  98.3432,  85.8269,  95.3019,
        163.5661,  84.2128,  95.3452,  82.2480, 158.5344,  85.1174,  96.7791,
         87.2951, 182.7129, 170.1355,  82.3492,  87.1497, 176.3917, 175.3962,
         98.6596, 173.3961, 157.8541,  72.8636])
tensor([181.6829, 175.5957,  81.5446, 141.4539, 109.5819,  87.4415, 111.6475,
        181.2411, 172.3440,   0.0000, 182.7366,  85.9268, 116.1923, 112.4280,
        113.4705,  76.9982, 108.1317, 190.2551, 183.8294, 170.2691, 159.0130,
        177.1862, 179.5955,  84.4886, 105.3479, 112.0078, 176.3938, 163.0026,
        162.4605, 105.6881, 116.7008, 119.0856, 121.8598, 109.0843, 107.9070,
        186.0759,  79.3704,  92.9290,  91.3687,  98.3432, 187.3307, 164.4067,
        123.5945,  84.2128, 164.6825, 180.4866, 115.8512,  85.1174,  96.7791,
         87.2951, 182.7129, 170.1355,  82.3492,  87.1497, 176.3917, 175.3962,
         98.6596, 173.3961, 157.8541,  72.8636])
tensor([181.6829, 158.5579, 154.7825, 159.3621, 216.9981,  87.4415, 111.6475,
        181.2411, 179.9864,   0.0000, 167.3817,  85.9268, 116.1923, 207.4360,
        216.6377,  76.9982, 108.1317, 190.2551, 183.8294, 147.2789, 136.2432,
        177.1862, 179.5955,  84.4886, 105.3479, 211.5617, 176.3938, 141.2510,
        171.7807, 105.6881, 116.7008, 119.0856, 228.9822, 208.1727, 204.9797,
        186.0759, 126.6828, 169.2349, 160.2374,  98.3432, 172.1769, 143.7460,
        123.5945, 147.8079, 144.4537, 165.7699, 214.3840, 132.4884,  96.7791,
        111.6627, 191.0263, 170.1355, 127.1328,  87.1497, 176.3917, 175.3962,
        119.4240, 173.3961, 157.8541,  72.8636])
tensor([149.0146, 158.5579, 243.5030, 159.3621, 203.4050,  87.4415, 179.0542,
        181.2411, 190.5732,   0.0000, 247.9883,  85.9268, 178.9548, 196.0344,
        216.6377,  76.9982, 170.3696, 190.2551, 183.8294, 239.0240, 136.2432,
        177.1862, 145.5785,  84.4886, 164.3598, 211.5617, 189.4138, 233.3242,
        171.7807, 176.6609, 175.1828, 184.6242, 210.2592, 208.1727, 204.9797,
        160.5828, 222.0193, 242.3423, 241.4842, 164.3882, 172.1769, 143.7460,
        123.5945, 147.8079, 144.4537, 252.6240, 202.3927, 224.0115, 159.1281,
        111.6627, 191.0263, 170.1355, 127.1328, 198.4486, 176.3917, 142.1875,
        119.4240, 173.3961, 131.7404,  72.8636])
tensor([149.0146, 222.8125, 250.3485, 159.3621, 292.4467,  87.4415, 262.6767,
        181.2411, 272.5276,   0.0000, 262.6038,  85.9268, 264.8628, 278.0484,
        216.6377, 173.9337, 170.3696, 211.5897, 199.4019, 239.0240, 223.8635,
        177.4333, 247.5407,  84.4886, 251.8122, 252.3318, 189.4138, 243.5958,
        171.7807, 176.6609, 175.1828, 267.8088, 294.4420, 208.1727, 255.9078,
        258.9209, 235.0369, 251.7371, 241.4842, 198.0860, 172.1769, 143.7460,
        243.4383, 147.8079, 144.4537, 252.6240, 202.3927, 224.0115, 159.1281,
        111.6627, 191.0263, 170.1355, 127.1328, 213.7821, 187.6504, 239.7336,
        119.4240, 182.1761, 230.4274,  72.8636])
tensor([149.0146, 222.8125, 271.2386, 159.3621, 314.9275,  87.4415, 292.5742,
        193.4658, 295.4044, 159.9124, 281.1688,  85.9268, 264.8628, 291.5593,
        216.6377, 245.0734, 262.4710, 267.3204, 248.7167, 239.0240, 269.5124,
        249.8010, 247.5407, 157.0770, 275.8930, 252.3318, 208.8231, 243.5958,
        171.7807, 176.6609, 175.1828, 287.7636, 314.3393, 208.1727, 289.3325,
        288.9363, 235.0369, 281.2167, 244.6167, 198.0860, 172.1769, 143.7460,
        243.4383, 147.8079, 144.4537, 252.6240, 202.3927, 237.2530, 196.7573,
        111.6627, 191.0263, 191.7751, 205.8761, 213.7821, 187.6504, 239.7336,
        221.0569, 182.1761, 262.7021, 163.2367])
tensor([249.3289, 222.8125, 290.2626, 159.3621, 325.6880, 191.4796, 299.7845,
        257.8358, 308.4088, 159.9124, 281.1688,  85.9268, 264.8628, 291.5593,
        258.3277, 245.0734, 262.4710, 300.7116, 287.4234, 239.0240, 269.5124,
        284.9424, 247.5407, 261.7077, 289.2282, 252.3318, 262.8535, 243.5958,
        171.7807, 260.5642, 175.1828, 287.7636, 324.0611, 208.1727, 305.2443,
        297.4898, 269.2598, 306.1092, 244.6167, 267.4057, 172.1769, 248.6638,
        243.4383, 147.8079, 236.1825, 252.6240, 271.8430, 273.2876, 271.4975,
        111.6627, 241.5197, 265.2314, 205.8761, 213.7821, 255.0165, 239.7336,
        221.0569, 250.1133, 262.7021, 163.2367])
tensor([275.5016, 274.0067, 311.9694, 159.3621, 325.6880, 191.4796, 305.2349,
        279.3438, 308.4088, 159.9124, 295.8116,  85.9268, 284.0272, 293.0900,
        258.3277, 278.0158, 282.1670, 300.7116, 307.6396, 239.0240, 290.9436,
        284.9424, 247.5407, 261.7077, 305.6158, 252.3318, 292.6109, 285.9373,
        228.9871, 260.5642, 268.7444, 287.7636, 324.0611, 208.1727, 318.0676,
        303.2992, 287.8177, 320.6532, 244.6167, 267.4057, 172.1769, 248.6638,
        243.4383, 249.7322, 277.7999, 252.6240, 271.8430, 273.2876, 299.5531,
        111.6627, 279.0570, 299.1095, 205.8761, 213.7821, 255.0165, 266.9100,
        284.0926, 276.3330, 268.5358, 163.2367])
tensor([275.5016, 274.0067, 318.2269, 159.3621, 332.5732, 191.4796, 305.2349,
        295.8445, 308.4088, 159.9124, 295.8116, 203.6655, 308.2213, 307.0795,
        258.3277, 301.1406, 301.6618, 300.7116, 325.8817, 275.4180, 311.2416,
        284.9424, 276.3352, 289.0924, 305.6158, 299.1767, 292.6109, 285.9373,
        288.2645, 290.4872, 301.0284, 287.7636, 324.0611, 208.1727, 325.1155,
        303.2992, 287.8177, 320.6532, 293.5076, 301.3834, 172.1769, 303.5768,
        243.4383, 291.8316, 296.2689, 252.6240, 293.8498, 273.2876, 299.5531,
        111.6627, 307.2825, 299.1095, 258.7579, 281.8018, 255.0165, 284.8636,
        302.9483, 276.3330, 268.5358, 253.3092])
tensor([275.5016, 300.3774, 329.3110, 159.3621, 332.5732, 277.8518, 311.5566,
        295.8445, 308.4088, 159.9124, 295.8116, 276.7270, 308.2213, 307.0795,
        299.8327, 304.9295, 301.6618, 312.2985, 325.8817, 302.1336, 317.7809,
        302.9529, 276.3352, 289.0924, 317.0053, 313.6948, 292.6109, 285.9373,
        300.6313, 290.4872, 301.0284, 287.7636, 324.0611, 208.1727, 329.4305,
        315.9181, 308.3923, 319.1341, 293.5076, 301.3834, 276.0984, 321.7904,
        243.4383, 291.8316, 296.2689, 286.4214, 311.8155, 293.9922, 320.3416,
        223.1244, 320.5571, 299.1095, 275.1940, 299.1732, 286.1824, 284.8636,
        302.9483, 295.2560, 268.5358, 253.3092])
tensor([304.4412, 324.6628, 329.3110, 159.3621, 331.3553, 277.8518, 320.4245,
        295.8445, 308.4088, 255.7144, 295.8116, 311.3878, 308.2213, 307.0795,
        299.8327, 304.9295, 301.6618, 329.7650, 332.0738, 315.2687, 328.6092,
        302.9529, 297.8445, 289.0924, 317.0053, 313.6948, 292.6109, 285.9373,
        300.6313, 290.4872, 308.1256, 286.1709, 329.6429, 208.1727, 329.4305,
        331.3353, 308.3923, 334.8115, 293.5076, 315.5405, 304.3955, 336.6085,
        302.4903, 313.3630, 312.2513, 308.9572, 321.1045, 293.9922, 327.2167,
        223.1244, 326.0946, 299.1095, 302.0402, 299.1732, 300.8475, 294.4453,
        315.3560, 295.2560, 268.5358, 253.3092])
tensor([324.8748, 324.6628, 341.5203, 243.4678, 343.0525, 277.8518, 320.4245,
        295.8445, 308.4088, 305.8748, 316.8669, 320.5847, 331.5418, 315.1828,
        299.8327, 329.4306, 312.2076, 329.7650, 332.0738, 321.4980, 329.9245,
        302.9529, 297.8445, 289.0924, 317.0053, 313.6948, 292.6109, 322.6304,
        308.6813, 326.4455, 308.1256, 286.1709, 329.6429, 208.1727, 332.8468,
        338.0696, 321.2379, 334.8115, 305.3084, 328.2443, 304.3955, 336.6085,
        302.4903, 318.6720, 328.2261, 308.9572, 332.0185, 320.7716, 327.2167,
        295.4480, 335.2294, 299.1095, 302.0402, 299.1732, 300.8475, 294.4453,
        326.6041, 308.5385, 303.9953, 253.3092])
tensor([331.7984, 335.3474, 341.5203, 310.9248, 343.0525, 300.3801, 320.4245,
        295.8445, 333.3310, 305.8748, 329.5486, 335.3342, 331.5418, 315.1828,
        321.2762, 329.4306, 322.3475, 336.2216, 332.0738, 321.4980, 329.9245,
        315.0897, 318.1493, 289.0924, 317.0053, 339.1231, 305.0157, 322.6304,
        308.6813, 326.4455, 308.1256, 299.4720, 329.6429, 208.1727, 339.3566,
        338.0696, 335.8071, 340.3405, 317.0141, 328.2443, 304.3955, 339.6472,
        328.9252, 318.6720, 332.8889, 330.7212, 332.0185, 335.1070, 327.2167,
        295.4480, 345.1356, 299.1095, 302.0402, 313.4847, 319.5924, 320.9313,
        340.9588, 308.5385, 303.9953, 299.6428])
tensor([331.7984, 335.3474, 341.5203, 327.3990, 343.0894, 300.3801, 320.4245,
        295.8445, 333.3310, 323.7025, 333.6503, 335.3342, 331.5418, 335.2723,
        338.8354, 338.8217, 322.3475, 346.8857, 332.0738, 336.8323, 332.6402,
        330.5377, 318.1493, 318.0554, 317.0053, 339.1231, 319.5703, 322.6304,
        321.5502, 326.4455, 337.8741, 314.1865, 342.0521, 273.0408, 339.3566,
        345.7565, 338.1704, 340.3405, 317.0141, 342.9820, 311.5146, 341.5485,
        328.9252, 333.0833, 332.8889, 339.7265, 336.3832, 335.1070, 327.2167,
        295.4480, 345.1356, 315.9138, 302.0402, 313.4847, 332.2124, 320.9313,
        340.9588, 326.8978, 320.5814, 299.6428])
tensor([331.7984, 335.3474, 341.5203, 341.2661, 343.0894, 320.1289, 320.4245,
        315.3801, 333.3310, 332.2657, 340.8080, 338.5765, 331.5418, 346.2772,
        338.8354, 338.8217, 340.4377, 349.5275, 332.0738, 344.0431, 332.6402,
        330.5377, 335.8178, 325.7714, 328.9657, 345.6209, 319.5703, 330.9445,
        321.5502, 338.0757, 337.8741, 330.1275, 351.3325, 273.0408, 339.3566,
        346.5475, 344.0725, 340.3405, 326.9421, 342.9820, 311.5146, 341.5485,
        328.9252, 341.7017, 341.1188, 339.7265, 336.3832, 338.8040, 327.2167,
        305.5402, 345.1356, 315.9138, 305.5487, 330.8488, 339.0971, 320.9313,
        340.9588, 334.2250, 320.5814, 324.2394])
tensor([331.7984, 335.3474, 340.3162, 341.2661, 343.0894, 329.0453, 335.1825,
        323.8213, 337.5389, 332.2657, 347.0387, 338.5765, 331.5418, 352.3019,
        338.8354, 333.6565, 343.3031, 349.8992, 332.0738, 344.0431, 341.0206,
        330.5377, 335.8178, 325.7714, 336.0372, 353.5975, 319.5703, 339.1729,
        333.1585, 338.0757, 337.8741, 336.7427, 353.1371, 325.0814, 339.3566,
        346.5475, 344.0725, 340.3405, 326.9421, 341.1339, 323.7783, 341.5485,
        334.6313, 346.8375, 343.0500, 339.7265, 344.6610, 346.7875, 321.4558,
        325.6142, 345.1356, 334.0701, 305.5487, 330.8488, 339.0971, 320.9313,
        338.9336, 334.2250, 320.5814, 337.8855])
tensor([333.4489, 336.7534, 340.3162, 341.2661, 343.0894, 329.0453, 335.1825,
        337.0702, 337.5389, 334.6097, 347.0387, 348.4312, 338.3099, 355.2835,
        338.8354, 338.7894, 348.5146, 351.5592, 332.7352, 350.7773, 341.0206,
        330.5377, 335.8178, 325.7714, 348.3189, 353.5975, 335.3177, 339.1729,
        338.8656, 338.0757, 337.8741, 336.7427, 353.1371, 343.0067, 344.6237,
        355.6970, 344.0725, 352.6451, 337.2616, 341.1339, 337.3229, 341.5485,
        347.8644, 351.1169, 343.0500, 339.7265, 344.6610, 351.1095, 321.4558,
        333.0001, 342.6752, 334.0701, 330.3554, 333.4734, 345.1854, 320.9313,
        338.9336, 334.2250, 320.5814, 343.4380])
tensor([341.8404, 345.8901, 340.3162, 341.2661, 354.9521, 329.0453, 352.0673,
        347.4140, 347.0472, 334.6097, 349.3259, 348.4312, 338.3099, 358.0291,
        338.8354, 338.7894, 351.7342, 351.5592, 340.3727, 350.7773, 341.0206,
        330.5377, 346.6267, 339.1021, 354.5669, 353.5975, 340.7374, 339.1729,
        347.4686, 338.0757, 337.8741, 353.9198, 354.8883, 343.0067, 349.4514,
        357.9755, 350.9191, 352.6451, 337.2616, 341.1339, 337.3229, 341.5485,
        352.5151, 351.7686, 343.0500, 339.5460, 347.0793, 355.7429, 335.6864,
        333.0001, 352.4778, 352.9510, 330.3554, 337.6308, 345.1854, 320.9313,
        338.9336, 350.7965, 320.5814, 343.4380])
tensor([345.6527, 345.8901, 340.3162, 341.2661, 354.9521, 329.0453, 352.0673,
        353.5640, 347.0472, 334.6097, 349.3259, 348.4312, 350.0222, 358.3333,
        338.8354, 338.7894, 351.7342, 355.4186, 340.3727, 351.8990, 343.3707,
        338.7473, 348.8405, 339.1021, 360.3749, 356.4515, 340.7374, 342.4162,
        350.1338, 344.7026, 337.8741, 352.5345, 358.2430, 348.1640, 355.9877,
        357.9755, 357.5298, 357.2408, 337.2616, 341.1339, 337.3229, 341.5485,
        352.5151, 358.7756, 343.0500, 345.0818, 347.0793, 355.7429, 347.5196,
        341.7947, 354.6577, 359.4159, 330.3554, 340.8499, 349.9219, 320.9313,
        343.6620, 350.7965, 347.5542, 343.4380])
tensor([350.1345, 351.0681, 340.3162, 341.2661, 359.1615, 329.0453, 352.0673,
        353.5640, 347.0472, 334.6097, 354.1800, 348.4312, 356.6619, 358.3333,
        338.8354, 350.4404, 351.7342, 355.4186, 357.7788, 356.3723, 343.3707,
        349.0469, 348.8405, 344.9243, 361.5839, 357.6452, 344.3752, 354.9583,
        356.5207, 350.4848, 337.8741, 357.8345, 358.2430, 355.2089, 355.9877,
        357.9755, 357.5298, 364.4794, 345.4572, 351.6121, 337.3229, 341.5485,
        353.4343, 358.7756, 350.6835, 351.3614, 352.7322, 356.9935, 347.5196,
        341.7947, 354.6577, 362.0821, 330.3554, 348.7928, 349.9219, 331.9677,
        350.1744, 350.7965, 347.5542, 343.4380])
tensor([354.4265, 351.0681, 339.8474, 341.2661, 361.2772, 329.0453, 353.8716,
        353.5640, 347.0472, 335.7744, 359.6436, 354.7872, 356.6619, 358.3333,
        338.8354, 350.4404, 343.6586, 364.1219, 357.7788, 361.5197, 343.3707,
        349.0469, 351.9884, 354.7752, 361.5839, 361.1940, 349.3788, 354.9583,
        356.5207, 358.6022, 337.8741, 362.2982, 360.7822, 355.2089, 356.3450,
        357.9755, 357.5298, 364.4794, 355.0953, 356.7639, 350.8264, 341.5485,
        353.4343, 361.8662, 350.6835, 358.5298, 352.7322, 356.9935, 347.5196,
        345.9182, 361.9045, 364.7063, 330.3554, 353.6406, 349.9219, 331.9677,
        354.6856, 350.7965, 355.2868, 343.9524])
tensor([354.4265, 355.9958, 339.8474, 341.2661, 365.0954, 347.8299, 353.8716,
        353.5640, 347.0472, 335.7744, 363.3553, 354.7872, 356.6619, 354.1457,
        338.8354, 355.0649, 347.0069, 365.9758, 357.7788, 364.9932, 343.3707,
        356.4800, 354.7844, 361.0539, 361.5839, 360.6400, 349.3788, 357.3459,
        360.5522, 360.8283, 337.8741, 362.2982, 364.0493, 360.3471, 358.0434,
        357.9755, 357.5298, 365.8053, 360.3009, 356.7639, 355.2916, 341.5485,
        356.4684, 363.4825, 359.0037, 360.6234, 352.7322, 359.4614, 347.5196,
        345.9182, 361.9045, 365.5284, 330.3554, 353.6406, 349.9219, 340.4546,
        354.6856, 348.0614, 355.2868, 343.9524])
tensor([354.4265, 362.3483, 339.8474, 348.4938, 365.0954, 347.8299, 353.8716,
        353.5640, 347.0472, 335.7744, 365.2300, 358.7283, 356.6619, 354.1457,
        349.9162, 361.3314, 353.5979, 368.3843, 357.7788, 366.8315, 359.9878,
        358.6660, 358.4138, 361.0539, 361.5839, 363.6994, 349.3788, 360.9927,
        360.5522, 363.5812, 353.5822, 362.2982, 364.0493, 360.3471, 358.0434,
        360.4624, 357.5298, 365.8053, 360.3009, 360.8708, 358.8959, 342.4776,
        356.4684, 364.3319, 359.0037, 365.0255, 363.1797, 361.4772, 352.8037,
        345.9182, 361.9045, 366.5050, 345.0891, 358.8776, 349.9219, 340.4546,
        354.6856, 348.0614, 360.3682, 350.7611])
tensor([354.4265, 362.3483, 350.6836, 348.4938, 366.9362, 347.8299, 353.8716,
        358.9438, 354.4057, 345.8470, 366.3793, 358.7283, 360.7715, 360.2395,
        349.9162, 365.1962, 361.2115, 367.6771, 357.7788, 367.3867, 359.9878,
        358.6660, 358.4138, 363.2608, 361.5839, 367.1335, 349.3788, 360.9927,
        364.2357, 367.3570, 353.5822, 362.2982, 364.0493, 360.5963, 358.0434,
        360.4624, 361.7671, 368.2630, 362.5501, 360.8708, 361.9525, 342.4776,
        356.4684, 364.3319, 359.0037, 365.0255, 367.4698, 361.4772, 356.1719,
        354.5291, 363.2626, 367.0738, 352.1909, 363.3742, 349.9219, 340.4546,
        354.6856, 357.7286, 362.9425, 350.7611])
tensor([354.4265, 367.6021, 355.5465, 354.9070, 366.9362, 347.8299, 356.3615,
        364.8729, 354.4057, 345.8470, 366.3793, 363.4643, 364.1682, 361.6027,
        359.4097, 365.1962, 361.2115, 369.0768, 357.7788, 367.3867, 364.4906,
        363.9989, 358.4138, 363.2608, 361.5839, 367.2836, 349.3788, 360.9927,
        366.3508, 367.3570, 353.5822, 362.0841, 364.0493, 361.7303, 358.0434,
        364.4844, 361.7671, 368.2630, 366.0516, 361.9944, 361.9525, 351.3134,
        356.4684, 365.4959, 364.2198, 365.0255, 367.4698, 361.4772, 358.9067,
        354.5291, 363.2626, 367.0738, 359.0445, 365.0808, 358.1969, 350.5849,
        354.6856, 359.9261, 365.4999, 357.5133])
tensor([355.8062, 367.6021, 362.6290, 354.9070, 366.9362, 348.6870, 356.3615,
        366.9276, 354.4057, 345.8470, 366.2069, 363.4643, 365.2619, 366.1721,
        360.6527, 366.0822, 362.1186, 369.0768, 361.2292, 367.3867, 364.9578,
        365.6247, 358.4138, 363.2608, 361.6364, 367.9673, 349.3788, 360.9927,
        368.1295, 367.3816, 355.2281, 364.8666, 364.0493, 361.7303, 358.0434,
        366.1834, 361.7671, 369.5594, 366.1194, 361.9944, 367.8824, 351.3134,
        356.4684, 365.4959, 364.2198, 363.9001, 367.4698, 361.4772, 360.7939,
        360.6332, 367.1267, 365.0123, 360.9511, 365.0808, 360.6897, 350.5849,
        354.6856, 359.9261, 365.4999, 357.5133])
tensor([361.1815, 367.1849, 364.8241, 361.4151, 366.9362, 352.5555, 356.3615,
        368.5897, 352.5880, 351.9134, 366.2069, 363.4643, 365.2619, 367.1223,
        360.6527, 366.0822, 365.4640, 368.8304, 361.2292, 366.9735, 364.9578,
        365.6247, 358.4138, 363.2608, 364.7178, 367.9673, 349.3788, 360.9927,
        368.1295, 367.2415, 355.2281, 364.8666, 364.0493, 365.0099, 356.3529,
        366.1834, 359.7899, 369.5594, 366.3828, 361.9944, 367.8824, 361.4321,
        360.3951, 362.3728, 364.2198, 363.9001, 367.4698, 362.8914, 365.5984,
        360.6332, 368.7493, 366.9106, 364.3435, 365.0808, 360.6897, 354.2300,
        358.5344, 364.1552, 367.5373, 357.5133])
tensor([361.1815, 366.6024, 364.8241, 364.1659, 366.9362, 357.2642, 356.3615,
        368.5897, 359.7729, 351.9134, 366.2069, 364.4449, 367.3658, 367.1223,
        360.6527, 366.4525, 365.9492, 369.5113, 361.2292, 366.9735, 364.9578,
        364.2737, 359.9362, 363.2608, 366.6190, 367.9673, 349.3788, 363.1218,
        368.7388, 367.2415, 355.2281, 367.0124, 364.0493, 365.9948, 356.3529,
        368.6440, 359.7899, 370.2645, 366.2065, 361.9944, 368.5858, 364.9421,
        361.6333, 364.8430, 362.3494, 363.0666, 367.4698, 365.3398, 365.5984,
        363.6352, 368.7493, 366.9106, 365.2658, 365.0808, 360.6897, 361.4776,
        358.5344, 364.1552, 367.7232, 357.5133])
tensor([361.1815, 366.6024, 367.6879, 366.3554, 363.6047, 360.3051, 363.7242,
        368.5897, 359.7729, 361.7688, 365.3520, 366.1932, 368.7500, 369.7308,
        360.6527, 366.4525, 366.8802, 370.5495, 361.2292, 366.9735, 364.9578,
        364.2737, 359.9362, 365.6757, 366.6190, 367.9673, 359.2998, 364.3597,
        368.7388, 367.2415, 361.2398, 367.0124, 362.9544, 365.9948, 364.9884,
        369.0371, 359.7899, 370.2645, 366.2065, 360.4213, 368.5858, 366.0979,
        364.7459, 364.5858, 362.3494, 365.6110, 367.0850, 367.5249, 365.5984,
        363.6352, 368.7493, 366.9106, 367.3838, 365.0808, 362.2129, 361.4776,
        358.0392, 364.1552, 369.6992, 357.5133])
tensor([361.1815, 367.5186, 369.4791, 368.4279, 363.6047, 365.1630, 363.7242,
        367.2516, 364.1334, 361.7688, 365.3520, 366.1932, 368.7500, 369.7308,
        360.6527, 366.4525, 367.1158, 370.9884, 361.2292, 367.2419, 366.4684,
        364.2737, 359.9362, 365.6757, 366.9928, 370.1621, 359.2998, 366.7059,
        370.2855, 367.2415, 361.2398, 367.0124, 362.9544, 367.5631, 366.8536,
        369.0371, 364.3971, 370.2645, 366.0594, 360.4213, 368.5858, 366.0979,
        368.0568, 365.7866, 363.9662, 365.4686, 367.0850, 368.7386, 364.8053,
        363.6352, 368.7493, 366.9106, 367.3838, 363.1305, 363.8248, 365.9746,
        362.3891, 364.1552, 369.2032, 359.6819])
tensor([361.1815, 368.2185, 369.4791, 368.4279, 363.6047, 365.1630, 368.3865,
        367.2516, 367.6902, 361.7688, 366.2035, 366.1932, 368.7934, 371.6036,
        360.6527, 368.4423, 367.1158, 370.9884, 366.2804, 368.2878, 366.4684,
        363.7368, 359.9362, 365.6174, 366.9928, 370.4216, 359.2998, 368.5972,
        371.4420, 367.2415, 363.9614, 367.0124, 366.4931, 368.2601, 369.6524,
        369.7897, 364.3971, 370.7525, 366.0594, 360.4213, 367.7673, 368.0004,
        368.0568, 368.2793, 363.9662, 365.4686, 366.9893, 368.7386, 366.6138,
        363.6352, 370.2237, 366.9106, 366.1675, 364.3829, 363.8248, 367.1720,
        362.3891, 364.9221, 369.2032, 359.6819])
tensor([364.9746, 368.2185, 369.7812, 368.4279, 368.0281, 365.1630, 369.3042,
        369.3417, 370.0436, 365.9450, 366.2035, 366.1932, 368.7934, 371.6036,
        364.5576, 368.4423, 367.1158, 371.0362, 366.2804, 370.0041, 368.6987,
        363.7368, 363.3933, 365.6174, 366.9928, 370.4216, 364.0042, 368.5972,
        371.4420, 367.2415, 363.9614, 367.0124, 368.2244, 368.3529, 370.9395,
        369.7897, 366.7953, 371.1875, 366.0594, 360.4213, 369.5245, 368.6158,
        368.0568, 368.2793, 366.9014, 365.4686, 366.9893, 368.7804, 369.1297,
        366.1404, 370.6169, 366.9106, 367.5685, 364.3829, 363.8248, 368.0320,
        363.8612, 364.9221, 370.4423, 363.7183])
tensor([364.9746, 367.7193, 369.7812, 368.4500, 370.4232, 364.7309, 369.3042,
        369.3417, 371.4354, 365.9450, 369.0134, 366.1932, 368.7934, 371.6036,
        364.5576, 367.4258, 367.8237, 371.4949, 366.2804, 370.5762, 368.6987,
        366.1100, 363.3933, 365.5963, 367.6179, 370.5469, 364.0042, 368.5972,
        371.4420, 366.9455, 368.0085, 369.5938, 370.5970, 369.5858, 372.3816,
        369.7897, 367.9940, 371.8127, 366.0594, 360.4213, 370.9792, 369.4967,
        368.0568, 368.2793, 366.9014, 367.4472, 366.9893, 369.0414, 369.1297,
        366.1404, 371.2061, 366.9106, 368.0886, 364.3829, 363.8248, 368.0320,
        365.5625, 367.7389, 370.4423, 363.7183])
tensor([364.9746, 370.3121, 369.7812, 369.2084, 371.6153, 366.4968, 370.2029,
        370.9560, 372.3512, 365.9450, 369.0134, 367.7726, 368.7934, 371.2558,
        367.9557, 367.4258, 368.9807, 372.6464, 369.1882, 370.5762, 368.6987,
        366.1100, 363.3933, 365.5963, 367.6179, 370.5469, 366.7554, 370.0786,
        371.4420, 366.9455, 368.0085, 369.5938, 371.9270, 371.0367, 373.0410,
        369.7897, 369.0874, 371.8127, 366.0594, 368.1998, 371.4924, 369.4967,
        369.8306, 370.1776, 366.9014, 367.4472, 369.5169, 369.7348, 369.1297,
        367.1341, 371.2061, 366.9106, 368.0886, 367.5178, 363.8248, 368.0320,
        367.2192, 367.7389, 370.7530, 368.0013])
tensor([367.5130, 370.3121, 369.7812, 369.2084, 372.3027, 366.4968, 370.2029,
        370.9560, 372.3512, 365.9450, 369.0134, 367.7726, 370.1399, 371.2558,
        369.7555, 371.2367, 370.6297, 372.6464, 370.5494, 370.5762, 368.6987,
        366.1100, 363.3933, 367.6429, 368.6338, 370.5469, 370.3452, 370.3175,
        371.5695, 366.9455, 368.9834, 371.4806, 372.5285, 371.0367, 373.2460,
        369.7897, 369.0874, 372.4923, 366.6891, 368.1998, 371.9656, 369.4967,
        371.5339, 371.0586, 366.9014, 367.8186, 369.5169, 369.7348, 369.1297,
        368.0320, 371.2061, 369.2479, 368.0886, 367.5178, 364.4920, 368.9636,
        369.2441, 369.5851, 370.5794, 369.3490])
tensor([369.4922, 370.3121, 370.0974, 369.2084, 372.3027, 366.4968, 370.2029,
        372.1544, 372.3512, 365.9450, 369.0134, 367.7726, 370.7993, 371.2558,
        369.7555, 371.2367, 370.6297, 372.6464, 371.7243, 371.3284, 371.2309,
        366.1100, 365.0953, 367.6429, 368.6338, 370.5469, 371.2689, 371.5547,
        371.5695, 368.4468, 368.9834, 371.4806, 372.6603, 370.6685, 373.2992,
        369.1146, 370.1614, 373.0138, 366.6891, 371.7959, 372.5010, 369.6956,
        371.8266, 371.0586, 368.2769, 367.8186, 370.2580, 371.3156, 369.1297,
        368.6873, 372.2750, 369.2479, 368.0886, 367.5178, 364.4920, 369.7303,
        370.3244, 370.9198, 370.5794, 370.6346])
tensor([ 33.2535,  26.2787,   0.0000,   0.0000,  25.2513,   0.0000,  24.4452,
         25.6884,  25.5206,   0.0000,   0.0000,   0.0000,   0.0000, 126.8860,
         33.0271,   0.0000,  30.0039, 127.1844,   0.0000,   0.0000,  25.0738,
          0.0000,   0.0000,   0.0000, 126.7143,   0.0000,   0.0000,  33.0038,
         32.6344,   0.0000,  32.9729, 129.8644,  24.0657,   0.0000,   0.0000,
          0.0000,  35.0394,   0.0000,  35.3548,  25.9878,   0.0000,  35.2750,
        129.8706,   0.0000, 124.8279,   0.0000,  34.9520,   0.0000,  33.3270,
         26.0874,   0.0000,  25.9685,   0.0000,   0.0000,  30.8148,  33.0581,
         27.1095,   0.0000,   0.0000,   0.0000])
tensor([ 41.0710,  34.7554,   0.0000,   0.0000,  25.2513,   0.0000,  34.4856,
         34.8574,  25.5206,   0.0000,   0.0000,  37.3515,   0.0000, 141.3054,
         42.6861,   0.0000,  30.0039, 127.1844, 113.1633,   0.0000,  25.0738,
         38.7503,  42.7636,   0.0000, 143.6195,   0.0000,  38.2931,  35.5784,
         39.4947,  43.7420,  32.9729, 146.4435,  24.0657, 103.4988, 102.0478,
        104.2732,  35.0394,   0.0000,  35.3548,  34.8829,   0.0000,  37.7939,
        148.2760, 114.2281, 152.4219,  38.6085,  41.0515, 111.6618,  35.8983,
         26.0874,  39.7212,  25.9685,   0.0000,   0.0000,  30.8148,  33.0581,
         35.0636,   0.0000,   0.0000,   0.0000])
tensor([ 41.0710,  34.7554,  36.9723,   0.0000,  25.2513,  45.8622,  35.5976,
         34.8574,  25.5206,   0.0000,  34.3728,  45.7051,  47.7751, 141.3054,
         42.6861, 106.9074,  43.6424, 127.1844, 127.3359,  45.7658,  25.0738,
         38.7503,  42.7636,  47.5043, 143.6195,  37.1422,  36.8182,  44.3480,
         43.7354,  43.7420,  44.2453, 159.3536,  36.8044, 103.4988, 102.0478,
        144.9904,  35.0394,  48.0359,  44.9846,  34.8829,   0.0000,  37.7939,
        165.3942, 114.2281, 152.4219,  37.9643,  45.2244, 127.0878,  35.8983,
         37.5495,  39.7212,  25.9685,   0.0000,  37.8849,  30.8148,  47.6202,
         35.0636,  37.0174,   0.0000,  47.1594])
tensor([ 55.3277,  44.9795,  44.5345,   0.0000,  25.2513,  45.8622,  35.5976,
         34.8574,  25.5206,   0.0000,  42.1316,  45.7051,  57.0169, 141.3054,
         55.3533, 106.9074,  43.6424, 127.1844, 127.3359,  45.9784,  25.0738,
         38.7503,  56.2641,  47.5032, 143.6195,  44.3940,  36.8182,  44.3480,
         43.7354,  55.4673,  52.0344, 159.2147,  44.5208, 136.1396, 134.7094,
        155.5582,  35.0394,  47.7840,  44.9846,  45.0718,   0.0000,  45.1409,
        168.8920, 114.2281, 157.6685,  45.3869,  54.5547, 127.0878,  42.8602,
         37.5495,  53.8712,  25.9685,   0.0000,  45.2868,  30.8148,  55.3512,
         43.2535,  37.0174, 107.7575,  47.1594])
tensor([ 51.6304,  44.9795,  44.5345,  38.3210,  25.2513,  45.8622,  35.5976,
         34.8574,  39.6673,   0.0000,  42.1316,  45.7051,  53.0135, 189.7929,
         50.9438, 106.9074,  43.6424, 147.3306, 127.3359,  45.9784,  25.0738,
         64.3662,  52.6460,  64.5235, 187.1575,  44.3940,  40.0709,  60.8547,
         43.7354,  55.4673,  47.8949, 218.2250,  40.4498, 196.2476, 134.7094,
        213.8524,  60.2010,  64.5813,  60.3147,  45.0718,  59.5242,  45.1409,
        226.5611, 114.2281, 157.6685,  45.3869,  49.9889, 144.2128,  42.8602,
         37.5495,  50.8519,  39.1040,  37.1902,  45.2868,  53.1219,  55.3512,
         43.2535,  39.7819, 107.7575,  47.1594])
tensor([ 61.8200,  44.5700,  45.4685,  38.3210,  40.2475,  65.8740,  35.5976,
         45.2250,  43.2067,   0.0000,  41.6055,  66.5527,  53.0135, 189.7929,
         60.6540, 134.4609,  55.0780, 174.5168, 151.3101,  45.9784,  25.0738,
         64.3662,  61.3546,  64.5235, 187.1575,  44.3940,  40.0709,  60.8547,
         55.8388,  55.4673,  47.8949, 218.2250,  43.8829, 196.2476, 134.7094,
        259.5804,  60.2010,  72.0971,  64.8713,  45.0718,  70.2450,  45.1409,
        226.5611, 143.0362, 157.6685,  44.2238,  49.9889, 144.2128,  42.8602,
         37.5495,  61.9057,  42.0747,  37.1902,  44.5475,  61.2687,  58.7836,
         43.2535,  42.9021, 186.9382,  47.1594])
tensor([ 61.8200,  76.8316,  45.4685,  38.3210,  70.3852,  65.8740,  72.9984,
         77.8632,  43.2067,   0.0000,  71.9370,  66.5527,  80.6003, 212.2537,
         82.0569, 134.4609,  79.6689, 227.0383, 208.1399,  45.1580,  66.3776,
         53.3010,  61.3546,  64.5235, 208.6881,  72.8086,  73.3624,  37.2617,
         55.8388,  73.5774,  75.3570, 238.2455,  75.8254, 219.9366, 183.8062,
        259.5804,  60.2010,  72.0971,  64.8713,  45.0718,  59.4141,  41.6258,
        244.2330, 143.0362, 205.0599,  75.4395,  80.4136, 144.2128,  42.8602,
         37.5495,  61.9057,  42.0747,  37.1902,  44.5475,  61.2687,  58.7836,
         43.2535,  42.9021, 186.9382,  47.1594])
tensor([ 61.8200,  76.0368,  73.5149,  53.2007,  69.0065,  65.8740,  72.9984,
         77.8632,  70.3024,   0.0000,  71.6323,  66.5527,  80.6003, 289.5285,
         79.5062, 134.4609,  79.6689, 227.0383, 208.1399,  79.4677,  68.7538,
         53.3010,  61.3546,  64.5235, 208.6881,  74.2467,  73.3624,  70.9972,
         72.2381,  73.5774,  75.3570, 238.2455,  75.3434, 299.3078, 270.9995,
        259.5804,  58.1302,  70.3058,  59.6650,  45.0718,  93.2252,  74.4569,
        244.2330, 207.5481, 236.4555,  72.4576,  80.1057, 217.0697,  42.8602,
         70.3035,  79.4967,  42.0747,  56.3164,  44.5475,  61.2687,  58.7836,
         67.4925,  42.9021, 186.9382,  47.1594])
tensor([ 75.5032,  76.0368,  96.0513,  53.2007,  89.7916,  65.8740,  87.7137,
         77.8632,  90.8720,   0.0000,  93.5565,  66.5527,  78.4660, 325.9770,
         79.5062, 134.4609,  74.2112, 227.0383, 208.1399, 105.1359,  68.7538,
         53.3010,  77.3490,  64.5235, 288.4700,  74.2467,  88.2104,  90.5350,
         72.2381,  70.4516,  72.8056, 318.5855,  97.1183, 299.3078, 270.9995,
        289.7926,  83.6455,  94.6342,  82.7664,  87.9844,  93.2252,  74.4569,
        244.2330, 207.5481, 236.4555,  93.0327,  81.1638, 257.2011,  46.2121,
         70.3035,  79.4967,  42.0747,  56.3164,  83.4647,  61.2687,  74.8458,
         67.4925,  42.9021, 232.8941,  47.1594])
tensor([ 75.5032,  95.2538,  97.2441,  53.2007,  91.5547,  65.8740,  88.7513,
         77.8632,  92.6242,   0.0000,  93.6590,  66.5527,  91.2651, 362.4024,
         79.5062, 210.9174,  74.2112, 271.4286, 257.2223, 105.1359,  84.8138,
         98.6357,  90.6394,  64.5235, 335.4207,  94.4118,  88.2104, 113.5214,
         72.2381,  70.4516,  72.8056, 359.5652,  96.4863, 299.3078, 329.8069,
        338.2215, 111.9264, 121.9716,  82.7664,  91.3373,  93.2252,  74.4569,
        327.1539, 207.5481, 236.4555,  93.0327,  81.1638, 257.2011,  46.2121,
         70.3035,  79.4967,  42.0747,  56.3164,  86.5827,  84.0755,  86.4949,
         67.4925,  83.8761, 301.3710,  47.1594])
tensor([ 75.5032,  95.2538, 117.8988,  53.2007, 110.4904,  65.8740, 106.8125,
        111.8579, 112.5869,  72.4925, 112.1554,  66.5527,  91.2651, 381.9809,
         79.5062, 270.1071,  88.6372, 313.3430, 305.8630, 105.1359, 102.3284,
        126.3157,  90.6394,  72.9292, 364.0344,  94.4118, 105.9490, 113.5214,
         72.2381,  70.4516,  72.8056, 379.7175, 115.5852, 299.3078, 359.7636,
        366.2173, 111.9264, 135.3832, 112.6941,  91.3373,  93.2252,  74.4569,
        327.1539, 207.5481, 236.4555,  93.0327,  81.1638, 312.2336,  80.6213,
         70.3035,  79.4967,  94.2505,  86.8362,  86.5827,  84.0755,  86.4949,
         99.8023,  83.8761, 340.2385,  73.3462])
tensor([ 88.0207,  95.2538, 132.5414,  53.2007, 126.2642,  71.7165, 121.1523,
        127.5075, 126.3069,  72.4925, 112.1554,  66.5527,  91.2651, 381.9809,
         89.5385, 270.1071,  88.6372, 347.6747, 342.7995, 105.1359, 102.3284,
        149.6533,  90.6394, 114.5560, 384.8551,  94.4118, 121.3255, 113.5214,
         72.2381,  84.8654,  72.8056, 379.7175, 129.5515, 299.3078, 383.6010,
        390.3158, 132.3168, 146.6756, 112.6941, 118.7704,  93.2252, 106.8628,
        327.1539, 207.5481, 300.9707,  93.0327,  95.5457, 350.2665, 108.5225,
         70.3035,  88.7034, 112.8230,  86.8362,  86.5827,  98.1754,  86.4949,
         99.8023, 117.1889, 340.2385,  73.3462])
tensor([108.1692, 125.4994, 131.1417,  53.2007, 126.2642,  71.7165, 121.3754,
        128.0380, 126.3069,  72.4925, 121.1988,  66.5527, 111.9903, 403.7584,
         89.5385, 325.1760, 110.5353, 347.6747, 372.9140, 105.1359, 113.0198,
        149.6533,  90.6394, 114.5560, 401.3838,  94.4118, 121.5902, 131.3811,
         86.0616,  84.8654,  95.7187, 379.7175, 129.5515, 299.3078, 402.5311,
        412.8521, 147.0600, 161.3374, 112.6941, 118.7704,  93.2252, 106.8628,
        327.1539, 286.5302, 347.5238,  93.0327,  95.5457, 350.2665, 128.5981,
         70.3035, 108.7874, 114.9430,  86.8362,  86.5827,  98.1754, 107.5381,
        112.7282, 123.6649, 373.2381,  73.3462])
tensor([108.1692, 125.4994, 133.8855,  53.2007, 123.0994,  71.7165, 121.3754,
        131.5426, 126.3069,  72.4925, 121.1988,  63.9862, 131.6647, 414.0695,
         89.5385, 361.5172, 130.0690, 347.6747, 397.9413, 156.1665, 115.8890,
        149.6533, 120.8800, 148.1281, 401.3838, 125.4490, 121.5902, 131.3811,
        111.6753, 118.0053, 114.5241, 379.7175, 129.5515, 299.3078, 414.2750,
        412.8521, 147.0600, 161.3374, 133.1145, 116.0661,  93.2252, 132.6821,
        327.1539, 339.3017, 381.0505,  93.0327, 124.2978, 350.2665, 128.5981,
         70.3035, 126.4626, 114.9430, 100.5619, 107.1812,  98.1754, 127.5401,
        115.7260, 123.6649, 373.2381, 108.6951])
tensor([108.1692, 119.9415, 128.9707,  53.2007, 123.0994, 119.6231, 110.4951,
        131.5426, 126.3069,  72.4925, 121.1988, 125.4418, 131.6647, 414.0695,
        132.0609, 384.7184, 130.0690, 386.3390, 397.9413, 184.2817, 110.1708,
        175.3022, 120.8800, 148.1281, 412.1421, 124.3529, 121.5902, 131.3811,
        133.2361, 118.0053, 114.5241, 379.7175, 129.5515, 299.3078, 433.9613,
        422.7538, 157.6759, 171.5382, 133.1145, 116.0661, 155.7207, 149.0776,
        327.1539, 339.3017, 381.0505, 108.1195, 138.7330, 389.0327, 140.6466,
        109.7983, 138.8988, 114.9430, 101.0643, 106.5719, 149.0436, 127.5401,
        115.7260, 116.7390, 373.2381, 108.6951])
tensor([125.3867, 159.2813, 128.9707,  53.2007, 146.9353, 119.6231, 146.9975,
        131.5426, 126.3069, 129.7221, 121.1988, 151.8044, 131.6647, 414.0695,
        132.0609, 384.7184, 130.0690, 403.1787, 409.1116, 200.4373, 144.8857,
        175.3022, 132.6223, 148.1281, 412.1421, 124.3529, 121.5902, 131.3811,
        133.2361, 118.0053, 124.1411, 401.0467, 146.7329, 299.3078, 433.9613,
        438.9193, 157.6759, 180.7746, 133.1145, 143.6148, 183.2469, 161.2525,
        372.1986, 368.0735, 402.5993, 143.1463, 139.3355, 389.0327, 152.2829,
        109.7983, 139.3527, 114.9430, 134.5231, 106.5719, 153.6129, 137.6309,
        141.5808, 116.7390, 373.2381, 108.6951])
tensor([135.2501, 159.2813, 172.8349, 100.6247, 156.9934, 119.6231, 146.9975,
        131.5426, 126.3069, 165.5837, 144.9582, 165.0190, 141.3445, 432.5093,
        132.0609, 398.3145, 136.9584, 403.1787, 409.1116, 203.6992, 152.3016,
        175.3022, 132.6223, 148.1281, 412.1421, 124.3529, 121.5902, 149.5349,
        133.4138, 133.3051, 124.1411, 401.0467, 146.7329, 299.3078, 448.3890,
        447.8281, 168.7970, 180.7746, 151.7253, 155.9987, 183.2469, 161.2525,
        372.1986, 390.4549, 423.0166, 143.1463, 148.8789, 406.7203, 152.2829,
        155.6723, 147.4320, 114.9430, 134.5231, 106.5719, 153.6129, 137.6309,
        149.6501, 151.3629, 397.4275, 108.6951])
tensor([144.5579, 168.9467, 172.8349, 124.2581, 156.9934, 149.1171, 146.9975,
        131.5426, 156.8300, 165.5837, 154.3925, 172.8970, 141.3445, 432.5093,
        134.4189, 398.3145, 145.7275, 414.6308, 409.1116, 203.6992, 152.3016,
        201.1038, 143.7924, 148.1281, 412.1421, 171.9946, 145.3412, 149.5349,
        133.4138, 133.3051, 124.1411, 414.9954, 146.7329, 299.3078, 458.0181,
        447.8281, 173.7483, 184.6584, 162.4798, 155.9987, 183.2469, 168.9917,
        400.2940, 390.4549, 435.7510, 161.6292, 148.8789, 420.4112, 152.2829,
        155.6723, 154.1001, 114.9430, 134.5231, 143.1481, 181.3625, 147.1100,
        159.0827, 151.3629, 397.4275, 127.1247])
tensor([144.5579, 168.9467, 172.8349, 141.9384, 168.5910, 149.1171, 146.9975,
        131.5426, 156.8300, 191.6859, 166.5039, 172.8970, 141.3445, 442.2710,
        149.7405, 409.4868, 145.7275, 426.6092, 409.1116, 214.6471, 162.8865,
        203.4957, 143.7924, 176.0811, 412.1421, 171.9946, 156.6880, 149.5349,
        148.2843, 133.3051, 136.1243, 426.3427, 162.3086, 392.0099, 458.0181,
        451.5553, 179.2312, 184.6584, 162.4798, 172.9475, 197.4109, 176.1462,
        400.2940, 402.3828, 435.7510, 173.4259, 155.5728, 420.4112, 152.2829,
        155.6723, 154.1001, 146.6136, 134.5231, 143.1481, 196.8843, 147.1100,
        159.0827, 169.0808, 412.6400, 127.1247])
tensor([144.5579, 168.9467, 172.8349, 154.3835, 168.5910, 160.8206, 146.9975,
        177.1585, 156.8300, 202.1392, 174.9335, 183.1872, 141.3445, 452.6250,
        149.7405, 409.4868, 154.0707, 436.7877, 409.1116, 213.5836, 162.8865,
        203.4957, 154.0292, 183.5875, 420.1309, 184.3160, 156.6880, 159.7707,
        148.2843, 149.2375, 136.1243, 436.6386, 170.6022, 392.0099, 458.0181,
        458.1222, 182.7298, 184.6584, 168.1253, 172.9475, 197.4109, 176.1462,
        400.2940, 414.0243, 447.4519, 173.4259, 155.5728, 428.3876, 152.2829,
        172.8915, 154.1001, 146.6136, 153.3344, 156.7155, 204.3086, 147.1100,
        159.0827, 177.1617, 412.6400, 143.3497])
tensor([144.5579, 168.9467, 192.8446, 154.3835, 168.5910, 169.4869, 166.4234,
        187.7732, 178.8525, 202.1392, 182.6526, 183.1872, 141.3445, 458.2190,
        149.7405, 419.4096, 163.1167, 445.8156, 409.1116, 213.5836, 171.4684,
        203.4957, 154.0292, 183.5875, 432.4067, 190.8745, 156.6880, 169.0365,
        159.2776, 149.2375, 136.1243, 443.7163, 178.6854, 424.6783, 458.0181,
        458.1222, 182.7298, 184.6584, 168.1253, 183.1589, 210.4037, 176.1462,
        414.9015, 427.5298, 458.9630, 173.4259, 162.6283, 440.1184, 161.6617,
        184.6173, 154.1001, 160.8370, 153.3344, 156.7155, 204.3086, 147.1100,
        173.8171, 177.1617, 412.6400, 158.6449])
tensor([150.4381, 196.6375, 192.8446, 154.3835, 168.5910, 169.4869, 166.4234,
        198.6317, 178.8525, 212.8661, 182.6526, 192.8759, 150.5805, 462.9021,
        149.7405, 428.7677, 168.6832, 448.9008, 413.9723, 209.7150, 171.4684,
        203.4957, 154.0292, 183.5875, 438.7336, 190.8745, 168.7030, 169.0365,
        166.9379, 149.2375, 136.1243, 443.7163, 178.6854, 436.0354, 452.6144,
        458.1280, 182.7298, 187.7411, 174.7449, 183.1589, 214.6224, 176.1462,
        426.6839, 435.2366, 458.9630, 173.4259, 162.6283, 447.0035, 161.6617,
        196.2061, 156.9993, 160.8370, 164.0804, 167.6083, 213.4438, 147.1100,
        173.8171, 177.1617, 412.6400, 167.9859])
tensor([160.1012, 204.1763, 192.8446, 154.3835, 176.9402, 169.4869, 173.3224,
        206.2707, 181.8999, 212.8661, 186.5163, 192.8759, 150.5805, 468.2598,
        149.7405, 428.7677, 174.9527, 448.9008, 427.2628, 209.7150, 171.4684,
        203.4957, 172.0375, 189.2840, 445.9160, 190.8745, 171.1539, 169.0365,
        172.5363, 149.2375, 136.1243, 444.8061, 184.4880, 436.0354, 460.2717,
        462.0906, 183.1626, 187.7411, 174.7449, 183.1589, 214.6224, 176.1462,
        435.9843, 443.3088, 458.9630, 184.2866, 169.5414, 453.0074, 165.9274,
        196.2061, 163.0263, 167.5612, 164.0804, 170.8066, 213.4438, 147.1100,
        173.8171, 184.1125, 412.6400, 167.9859])
tensor([166.9552, 204.1763, 192.8446, 154.3835, 176.9402, 169.4869, 173.3224,
        212.5661, 181.8999, 212.8661, 186.5163, 192.8759, 162.4782, 473.5053,
        149.7405, 428.7677, 174.9527, 449.7957, 427.2628, 221.8599, 179.7936,
        216.8408, 178.5717, 189.2840, 456.0713, 199.6878, 171.1539, 174.8213,
        177.1930, 167.2116, 136.1243, 454.0013, 190.7751, 445.4214, 467.7675,
        462.0906, 190.5884, 196.8560, 174.7449, 183.1589, 214.6224, 176.1462,
        435.9843, 450.2101, 458.9630, 190.8540, 169.5414, 453.0074, 172.9120,
        209.7012, 169.9963, 175.4278, 164.0804, 180.1384, 213.3352, 147.1100,
        182.9234, 184.1125, 416.4500, 167.9859])
tensor([173.4910, 214.3285, 192.8446, 154.3835, 184.2494, 169.4869, 173.3224,
        212.5661, 181.8999, 212.8661, 191.7088, 192.8759, 169.9248, 473.5053,
        149.7405, 434.3331, 174.9527, 449.7957, 435.6377, 223.4646, 179.7936,
        214.4598, 178.5717, 194.5209, 457.6962, 203.6965, 178.0580, 178.4353,
        185.2981, 179.1829, 136.1243, 454.8446, 190.7751, 448.9585, 467.7675,
        462.0906, 190.5884, 196.9489, 178.4252, 192.8288, 214.6224, 176.1462,
        438.8440, 450.2101, 454.5326, 194.1963, 176.3806, 456.9126, 172.9120,
        209.7012, 169.9963, 180.5980, 164.0804, 184.6641, 213.3352, 158.3229,
        187.8766, 184.1125, 416.4500, 167.9859])
tensor([178.8274, 214.3285, 206.7498, 154.3835, 190.5519, 169.4869, 181.2628,
        212.5661, 181.8999, 217.6264, 195.2618, 207.1967, 169.9248, 473.5053,
        149.7405, 434.3331, 177.0674, 454.4121, 435.6377, 224.9330, 179.7936,
        214.4598, 183.6080, 203.4088, 457.6962, 207.5887, 184.6201, 178.4353,
        185.2981, 189.6131, 136.1243, 464.0545, 192.7823, 448.9585, 471.0818,
        462.0906, 190.5884, 196.9489, 185.5452, 201.2977, 221.2013, 176.1462,
        438.8440, 454.3387, 454.5326, 202.4571, 176.3806, 456.9126, 172.9120,
        215.2283, 175.1898, 186.0079, 164.0804, 189.5312, 213.3352, 158.3229,
        192.8703, 184.1125, 425.2251, 179.5781])
tensor([178.8274, 216.7366, 206.7498, 154.3835, 197.5618, 175.0110, 181.2628,
        212.5661, 181.8999, 217.6264, 201.8099, 207.1967, 169.9248, 473.4692,
        149.7405, 442.4312, 184.8416, 463.3199, 435.6377, 230.8903, 179.7936,
        216.3237, 194.9973, 208.1460, 457.6962, 216.6540, 184.6201, 184.3968,
        197.0632, 196.1560, 136.1243, 464.0545, 199.2520, 460.8839, 478.2711,
        462.0906, 190.5884, 209.9111, 192.8509, 201.2977, 224.4884, 176.1462,
        449.5634, 463.1106, 463.8241, 210.0467, 176.3806, 462.3039, 172.9120,
        215.2283, 175.1898, 192.6768, 164.0804, 189.5312, 213.3352, 169.8940,
        192.8703, 191.9705, 425.2251, 179.5781])
tensor([178.8274, 217.2789, 206.7498, 168.2977, 197.5618, 175.0110, 181.2628,
        212.5661, 181.8999, 217.6264, 204.8586, 216.4160, 169.9248, 473.4692,
        166.9753, 451.0730, 188.1788, 468.1855, 435.6377, 235.1282, 182.8824,
        219.4691, 196.5303, 208.1460, 457.6962, 218.3170, 184.6201, 188.5246,
        197.0632, 201.1674, 151.4609, 464.0545, 199.2520, 460.8839, 478.2711,
        463.8573, 190.5884, 209.9111, 192.8509, 208.8498, 230.0078, 178.1397,
        449.5634, 467.6992, 463.8241, 210.9070, 183.1647, 467.3285, 176.3222,
        215.2283, 175.1898, 196.6335, 170.2812, 192.2148, 213.3352, 169.8940,
        192.8703, 191.9705, 438.6515, 191.8268])
tensor([178.8274, 217.2789, 222.5918, 168.2977, 204.7193, 175.0110, 181.2628,
        222.9211, 194.7700, 222.6453, 212.4289, 216.4160, 178.8638, 480.2166,
        166.9753, 458.8100, 192.9482, 472.4399, 435.6377, 235.9913, 182.8824,
        219.4691, 196.5303, 211.1308, 457.6962, 224.0859, 184.6201, 188.5246,
        204.5244, 205.1822, 151.4609, 464.0545, 199.2520, 469.0015, 478.2711,
        463.8573, 190.4955, 213.4350, 195.9426, 208.8498, 231.6535, 178.1397,
        449.5634, 467.6992, 463.8241, 210.9070, 189.7010, 467.3285, 183.6459,
        221.9310, 180.4972, 205.6879, 178.6970, 199.0317, 213.3352, 169.8940,
        192.8703, 197.7651, 453.5615, 191.8268])
tensor([178.8274, 226.9277, 229.2262, 178.8154, 204.7193, 175.0110, 188.3523,
        228.3417, 194.7700, 222.6453, 212.4289, 222.0058, 184.7105, 484.2568,
        178.2499, 458.8100, 192.9482, 479.0836, 435.6377, 235.9913, 189.8778,
        224.4652, 196.5303, 211.1308, 457.6962, 230.6614, 184.6201, 188.5246,
        210.9638, 205.1822, 151.4609, 466.3642, 199.2520, 473.1630, 478.2711,
        470.6388, 190.4955, 213.4350, 201.2051, 218.5813, 231.6535, 184.8259,
        449.5634, 470.3683, 468.4403, 210.9070, 189.7010, 467.3285, 189.7612,
        221.9310, 180.4972, 205.6879, 186.6942, 204.8804, 224.4064, 181.0493,
        192.8703, 209.7085, 462.4678, 200.8135])
tensor([178.9957, 226.9277, 231.8958, 178.8154, 204.7193, 181.8884, 188.3523,
        230.9132, 194.7700, 222.6453, 214.5020, 222.0058, 191.0153, 486.3627,
        188.6172, 462.8799, 194.1776, 479.0836, 437.4322, 235.9913, 195.3773,
        229.6310, 196.5303, 211.1308, 455.9962, 232.7430, 184.6201, 188.5246,
        211.9412, 211.5784, 162.0142, 469.9891, 199.2520, 473.1630, 478.2711,
        477.1230, 190.4955, 214.5032, 204.4142, 218.5813, 236.0193, 184.8259,
        449.5634, 470.3683, 468.4403, 221.4839, 189.7010, 467.3285, 194.2625,
        229.7353, 183.2355, 209.2643, 191.4998, 204.8804, 229.5469, 181.0493,
        192.8703, 209.7085, 462.4678, 200.8135])
tensor([188.2292, 232.5545, 235.4080, 185.7538, 204.7193, 189.3632, 188.3523,
        233.9278, 206.1602, 231.1465, 214.5020, 222.0058, 191.0153, 488.6646,
        188.6172, 462.8799, 199.6690, 479.1343, 437.4322, 231.2948, 195.3773,
        229.6310, 196.5303, 211.1308, 464.0774, 232.7430, 184.6201, 188.5246,
        211.9412, 218.7597, 162.0142, 469.9891, 199.2520, 476.8412, 476.4619,
        477.1230, 195.8964, 214.5032, 208.4794, 218.5813, 236.0193, 187.6483,
        448.3779, 473.0520, 468.4403, 221.4839, 189.7010, 466.6720, 199.9629,
        229.7353, 191.1203, 213.0601, 197.3244, 204.8804, 229.5469, 194.5925,
        196.3431, 210.1473, 463.5273, 200.8135])
tensor([188.2292, 232.5390, 235.4080, 191.5961, 204.7193, 193.0999, 188.3523,
        233.9278, 211.7647, 231.1465, 214.5020, 225.3003, 195.6429, 488.6646,
        188.6172, 467.4099, 201.3806, 482.0023, 437.4322, 231.2948, 195.3773,
        231.9335, 202.5155, 211.1308, 469.0070, 232.7430, 184.6201, 190.3549,
        218.2328, 218.7597, 162.0142, 469.9449, 199.2520, 477.5531, 476.4619,
        478.3113, 195.8964, 214.1755, 208.8960, 218.5813, 237.5427, 191.9053,
        457.7083, 477.8562, 476.3149, 220.0490, 189.7010, 473.6979, 199.9629,
        232.5834, 191.1203, 213.0601, 199.3604, 204.8804, 229.5469, 198.2320,
        196.3431, 210.1473, 466.7754, 200.8135])
tensor([188.2292, 232.5390, 231.4087, 196.2097, 200.8175, 195.2522, 188.6210,
        233.9278, 211.7647, 232.5466, 211.3441, 228.6947, 200.0336, 487.0211,
        188.6172, 467.4099, 203.1011, 485.4707, 437.4322, 231.2948, 195.3773,
        231.9335, 202.5155, 213.3551, 469.0070, 232.7430, 185.3754, 193.9040,
        218.2328, 218.7597, 169.9631, 469.9449, 194.9035, 477.5531, 478.3937,
        482.8800, 195.8964, 214.1755, 208.8960, 218.8185, 237.5427, 195.0664,
        464.2775, 480.7345, 476.3149, 220.7731, 191.0303, 477.3863, 199.9629,
        232.5834, 191.1203, 213.0601, 201.6942, 204.8804, 233.2984, 198.2320,
        196.6426, 210.1473, 472.8210, 200.8135])
tensor([188.2292, 230.8349, 230.5700, 200.7808, 200.8175, 201.2504, 188.6210,
        231.7094, 211.9587, 232.5466, 211.3441, 228.6947, 200.0336, 487.0211,
        188.6172, 467.4099, 206.0742, 487.9613, 437.4322, 235.6198, 193.9539,
        231.9335, 202.5155, 213.3551, 471.7936, 229.7911, 185.3754, 199.4108,
        215.9681, 218.7597, 169.9631, 469.9449, 194.9035, 481.1799, 483.6207,
        482.8800, 197.0602, 214.1755, 207.9735, 218.8185, 237.5427, 195.0664,
        471.1330, 483.8162, 480.3683, 225.3057, 191.0303, 481.3717, 195.1463,
        232.5834, 191.1203, 213.0601, 201.6942, 195.7043, 234.8748, 200.6556,
        200.5764, 210.1473, 477.6366, 201.0413])
tensor([188.2292, 234.2518, 230.5700, 200.7808, 200.8175, 201.2504, 192.9306,
        231.7094, 215.8088, 232.5466, 212.1273, 228.6947, 202.6055, 487.7604,
        188.6172, 468.4076, 206.0742, 487.9613, 445.7401, 237.8278, 193.9539,
        233.8757, 202.5155, 212.5162, 471.7936, 232.3559, 185.3754, 204.3222,
        216.8685, 218.7597, 175.5306, 469.9449, 200.5135, 483.3668, 486.4660,
        483.0565, 197.0602, 214.9878, 207.9735, 218.8185, 236.6299, 198.9885,
        471.1330, 485.1457, 480.3683, 225.3057, 195.9747, 481.3717, 198.2544,
        232.5834, 188.6479, 213.0601, 204.1592, 201.4181, 234.8748, 204.5141,
        200.5764, 216.6896, 477.6366, 201.0413])
tensor([190.0159, 234.2518, 235.4863, 200.7808, 205.9125, 201.2504, 201.2805,
        237.8197, 223.4912, 233.9359, 212.1273, 228.6947, 202.6055, 487.7604,
        203.5727, 468.4076, 206.0742, 486.9305, 445.7401, 240.2572, 199.5615,
        233.8757, 204.7941, 212.5162, 471.7936, 232.3559, 193.0276, 204.3222,
        216.8685, 218.7597, 175.5306, 469.9449, 207.8128, 486.0791, 489.4434,
        483.0565, 198.0985, 219.8161, 207.9735, 218.8185, 239.2426, 203.7811,
        471.1330, 485.1457, 480.3350, 225.3057, 195.9747, 482.6982, 202.6299,
        237.1132, 195.9628, 213.0601, 210.1569, 201.4181, 234.8748, 208.5964,
        206.8888, 216.6896, 475.5748, 202.4574])
tensor([190.0159, 238.8746, 235.4863, 202.3259, 209.4655, 203.6254, 201.2805,
        237.8197, 225.0571, 233.9359, 216.2192, 228.6947, 202.6055, 487.7604,
        203.5727, 472.0263, 206.4114, 488.5583, 445.7401, 243.0219, 199.5615,
        236.8476, 204.7941, 220.9205, 475.0773, 235.0983, 193.0276, 204.3222,
        216.8685, 214.2288, 181.9654, 471.6715, 212.6895, 489.0496, 492.8833,
        483.0565, 206.5771, 224.0884, 207.9735, 218.8185, 240.4695, 210.1048,
        471.1330, 485.1457, 480.3350, 224.6778, 195.9747, 485.6252, 202.6299,
        237.1132, 199.5608, 213.0601, 212.2928, 201.4181, 234.8748, 208.5964,
        211.2036, 225.1745, 475.5748, 202.4574])
tensor([190.0159, 239.8877, 235.4863, 207.4131, 215.0354, 209.3071, 206.4963,
        239.7025, 230.7401, 233.9359, 216.2192, 238.1581, 202.6055, 489.8413,
        210.6609, 472.0263, 209.4888, 491.2818, 453.0229, 243.0219, 199.5615,
        236.8476, 204.7941, 220.9205, 475.0773, 235.0983, 199.3672, 205.9126,
        216.8685, 214.2288, 181.9654, 471.6715, 217.8425, 490.8709, 494.1427,
        483.0565, 213.1164, 224.0884, 207.9735, 225.7866, 240.5591, 210.1048,
        471.8546, 483.2003, 480.3350, 224.6778, 200.0711, 488.3787, 202.6299,
        239.3054, 199.5608, 213.0601, 212.2928, 206.7516, 234.8748, 208.5964,
        216.6670, 225.1745, 481.5769, 209.1904])
tensor([192.5677, 239.8877, 235.4863, 207.4131, 217.8532, 209.3071, 206.4963,
        239.7025, 230.7401, 233.9359, 216.2192, 238.1581, 199.5872, 489.8413,
        210.0424, 473.9564, 211.6152, 491.2818, 462.1259, 243.0219, 199.5615,
        236.8476, 204.7941, 225.3002, 479.9278, 235.0983, 205.5219, 211.1251,
        211.5865, 214.2288, 187.0487, 476.6391, 219.6069, 490.8709, 495.0808,
        483.0565, 213.1164, 227.6606, 209.0175, 225.7866, 242.1383, 210.1048,
        477.3701, 484.7914, 480.3350, 229.0106, 200.0711, 488.3787, 202.6299,
        240.2272, 199.5608, 206.6449, 212.2928, 206.7516, 233.9400, 211.5296,
        219.2076, 230.6936, 485.9286, 211.6241])
tensor([197.3790, 239.8877, 232.4729, 207.4131, 217.8532, 209.3071, 206.4963,
        239.5045, 230.7401, 233.9359, 216.2192, 238.1581, 204.4737, 489.8413,
        210.0424, 473.9564, 211.6152, 491.2818, 469.5340, 244.1422, 201.3531,
        236.8476, 214.3362, 225.3002, 479.9278, 235.0983, 208.9754, 214.6146,
        211.5865, 215.2468, 187.0487, 476.6391, 220.7547, 490.6169, 494.7705,
        481.3922, 213.6377, 230.5791, 209.0175, 227.4028, 241.8163, 207.3641,
        481.5269, 484.7914, 481.1191, 229.0106, 202.1070, 487.6151, 202.6299,
        239.1494, 200.8569, 206.6449, 212.2928, 206.7516, 233.9400, 219.3893,
        221.0981, 231.2960, 485.9286, 214.8723])
tensor([25.0771, 24.5062,  0.0000,  0.0000, 24.0422,  0.0000, 25.5905, 26.4346,
        15.9797,  0.0000,  0.0000,  0.0000,  0.0000, 16.7406, 26.7405,  0.0000,
        17.3627, 26.4251,  0.0000,  0.0000, 82.5061,  0.0000,  0.0000,  0.0000,
        25.7063,  0.0000,  0.0000, 15.4130, 16.7302,  0.0000, 16.2911, 25.5518,
        16.4148,  0.0000,  0.0000,  0.0000, 26.5173,  0.0000, 27.1468, 24.5648,
         0.0000, 15.3988, 24.9329,  0.0000, 17.0292,  0.0000, 82.9088,  0.0000,
        27.9575, 88.7924,  0.0000, 25.4232,  0.0000,  0.0000, 24.1420, 86.1526,
        26.2826,  0.0000,  0.0000,  0.0000])
tensor([ 34.0288,  31.8901,   0.0000,   0.0000,  24.0422,   0.0000,  35.4485,
         37.5798,  15.9797,   0.0000,   0.0000,  30.5286,   0.0000,  22.4509,
         36.2370,   0.0000,  17.3627,  26.4251,  31.9268,   0.0000,  82.5061,
         32.7335,  89.2691,   0.0000,  38.0713,   0.0000,  19.2709,  21.3216,
         21.6857,  31.7510,  16.2911,  38.7155,  16.4148,  78.2354,  31.6827,
         33.0362,  26.5173,   0.0000,  27.1468,  34.7650,   0.0000,  21.1096,
         34.8331,  20.0363,  21.7012,  83.3489, 137.2828,  29.4026,  35.8049,
         88.7924,  29.2886,  25.4232,   0.0000,   0.0000,  24.1420,  86.1526,
         38.1709,   0.0000,   0.0000,   0.0000])
tensor([ 34.0288,  31.8901,  36.4571,   0.0000,  24.0422,  21.5659,  42.0456,
         37.5798,  15.9797,   0.0000,  22.0684,  37.8802,  85.8593,  22.4509,
         36.2370,  33.1684,  24.6633,  26.4251,  40.4305,  37.1427,  82.5061,
         32.7335,  89.2691,  36.5618,  38.0713,  29.7837,  23.1606,  24.7078,
         25.1212,  31.7510,  24.4561,  47.6242,  23.4782,  78.2354,  31.6827,
         42.0253,  26.5173,  74.8916,  38.1940,  34.7650,   0.0000,  21.1096,
         40.4117,  20.0363,  21.7012, 122.7178, 163.0384,  37.9298,  35.8049,
        129.0586,  29.2886,  25.4232,   0.0000,  35.9076,  24.1420, 136.5259,
         38.1709,  79.2097,   0.0000,  20.7479])
tensor([ 39.8641,  36.4257,  47.7995,   0.0000,  24.0422,  21.5659,  42.0456,
         37.5798,  15.9797,   0.0000,  25.7214,  37.8802, 130.6672,  22.4509,
         46.2194,  33.1684,  24.6633,  26.4251,  40.4305,  48.4590,  82.5061,
         32.7335, 138.1500,  48.3257,  38.0713,  34.3135,  23.1606,  24.7078,
         25.1212,  43.4233,  28.3995,  55.9043,  27.3015, 128.6823,  43.4328,
         49.7970,  26.5173, 118.6372,  38.1940,  38.9407,   0.0000,  27.8294,
         49.0369,  20.0363,  28.6264, 156.4668, 190.4207,  37.9298,  44.9967,
        129.0586,  36.0635,  25.4232,   0.0000,  46.7682,  24.1420, 173.5512,
         48.9649,  79.2097,  71.6262,  20.7479])
tensor([ 50.4115,  36.4257,  47.7995,  33.0263,  24.0422,  21.5659,  42.0456,
         37.5798,  25.8303,   0.0000,  25.7214,  37.8802, 172.9937,  29.4133,
         51.0809,  33.1684,  24.6633,  42.2978,  40.4305,  48.4590,  82.5061,
         52.4215, 183.7204,  60.5045,  55.9767,  34.3135,  27.4633,  28.9932,
         25.1212,  43.4233,  29.6991,  66.9154,  28.4053, 177.0396,  43.4328,
         60.7697,  48.8779, 162.7359,  47.3528,  38.9407,  36.0874,  27.8294,
         52.1978,  20.0363,  28.6264, 156.4668, 224.7533,  47.6763,  44.9967,
        129.0586,  48.5460,  41.3663,  22.2436,  46.7682,  40.8994, 173.5512,
         48.9649, 125.0789,  71.6262,  20.7479])
tensor([ 60.1807,  50.2771,  62.0689,  33.0263,  43.7296,  28.4073,  42.0456,
         56.0460,  34.6172,   0.0000,  32.8598,  46.1782, 172.9937,  29.4133,
         57.9666,  45.3913,  33.8875,  50.4085,  50.0115,  48.4590,  82.5061,
         52.4215, 213.6338,  60.5045,  55.9767,  34.3135,  27.4633,  28.9932,
         36.9183,  43.4233,  29.6991,  66.9154,  38.0606, 177.0396,  43.4328,
         68.9680,  48.8779, 193.1680,  55.0633,  38.9407,  47.4770,  27.8294,
         52.1978,  30.5275,  28.6264, 170.7479, 224.7533,  47.6763,  44.9967,
        129.0586,  59.5112,  53.4949,  22.2436,  60.8740,  52.9118, 211.4933,
         48.9649, 157.4000, 138.6505,  20.7479])
tensor([ 60.1807,  59.9167,  62.0689,  33.0263,  55.8780,  28.4073,  57.2969,
         66.6264,  34.6172,   0.0000,  41.7155,  46.1782, 202.0157,  43.0443,
         70.9417,  45.3913,  42.1988,  62.3386,  61.7518,  63.3501, 121.7311,
         61.5305, 213.6338,  60.5045,  65.6350,  52.8954,  41.6079,  43.8808,
         36.9183,  53.4525,  43.0041,  74.7787,  46.6546, 213.6861,  52.6759,
         68.9680,  48.8779, 193.1680,  55.0633,  38.9407,  61.8176,  43.0983,
         64.3360,  30.5275,  41.3010, 205.8955, 245.1222,  47.6763,  44.9967,
        129.0586,  59.5112,  53.4949,  22.2436,  60.8740,  52.9118, 211.4933,
         48.9649, 157.4000, 138.6505,  20.7479])
tensor([ 60.1807,  64.4389,  71.9314,  47.5749,  63.0237,  28.4073,  57.2969,
         66.6264,  55.1170,   0.0000,  60.0949,  46.1782, 202.0157,  60.9322,
         86.6601,  45.3913,  42.1988,  62.3386,  61.7518,  76.5804, 172.0303,
         61.5305, 213.6338,  60.5045,  65.6350,  61.7740,  41.6079,  63.8641,
         60.5044,  53.4525,  43.0041,  74.7787,  65.8409, 234.3119,  70.9462,
         68.9680,  58.2722, 216.6177,  75.0611,  38.9407,  78.6515,  61.9462,
         64.3360,  51.4205,  60.2117, 241.4425, 264.7263,  59.8247,  44.9967,
        179.1161,  69.1825,  53.4949,  39.6012,  60.8740,  52.9118, 211.4933,
         62.3862, 157.4000, 138.6505,  20.7479])
tensor([ 72.9368,  64.4389,  83.1251,  47.5749,  76.4607,  28.4073,  67.2847,
         66.6264,  69.0941,   0.0000,  74.2121,  46.1782, 228.6902,  74.1931,
         86.6601,  45.3913,  66.6102,  62.3386,  61.7518,  87.0782, 172.0303,
         61.5305, 234.4181,  60.5045,  77.7575,  61.7740,  69.4610,  77.2924,
         60.5044,  74.7925,  67.2533,  84.6591,  79.1144, 234.3119,  70.9462,
         76.1772,  73.0516, 246.3125,  89.8541,  59.3429,  78.6515,  61.9462,
         64.3360,  51.4205,  60.2117, 267.6770, 279.9279,  74.2476,  62.2765,
        179.1161,  69.1825,  53.4949,  39.6012,  69.6750,  52.9118, 230.9107,
         62.3862, 157.4000, 193.2868,  20.7479])
tensor([ 72.9368,  81.1547, 100.0154,  47.5749,  87.9807,  28.4073,  82.9945,
         66.6264,  75.4452,   0.0000,  81.4839,  46.1782, 261.8790,  80.2437,
         86.6601,  68.0802,  66.6102,  82.0412,  84.1330,  87.0782, 214.5213,
         77.6332, 270.6866,  60.5045,  97.5061,  81.2428,  69.4610,  83.0737,
         60.5044,  74.7925,  67.2533, 102.8262,  84.0775, 234.3119,  87.5627,
         94.0615,  92.3248, 273.8329,  89.8541,  76.2361,  78.6515,  61.9462,
         85.6386,  51.4205,  60.2117, 267.6770, 279.9279,  74.2476,  62.2765,
        179.1161,  69.1825,  53.4949,  39.6012,  88.5115,  71.2315, 265.0082,
         62.3862, 220.4047, 239.5199,  20.7479])
tensor([ 72.9368,  81.1547, 111.1229,  47.5749,  98.3983,  28.4073,  96.4781,
         88.9450,  75.3074,  40.2742,  81.1999,  46.1782, 261.8790,  79.9105,
         86.6601,  87.0026,  69.4187,  96.0198,  98.9554,  87.0782, 246.1384,
         93.6043, 270.6866,  78.1028, 109.6265,  81.2428,  72.1880,  83.0737,
         60.5044,  74.7925,  67.2533, 113.9766,  83.1094, 234.3119, 100.4417,
        105.4259,  92.3248, 295.4700, 101.3366,  76.2361,  78.6515,  61.9462,
         85.6386,  51.4205,  60.2117, 267.6770, 279.9279,  90.5627,  84.2020,
        179.1161,  69.1825,  74.6472,  54.0513,  88.5115,  71.2315, 265.0082,
         86.4066, 220.4047, 271.5060,  40.1618])
tensor([ 93.2526,  81.1547, 120.7691,  47.5749, 105.4276,  57.2898, 103.2709,
        105.4358,  90.1908,  40.2742,  81.1999,  46.1782, 261.8790,  79.9105,
        105.9984,  87.0026,  69.4187, 107.8248, 110.2898,  87.0782, 246.1384,
        104.4040, 270.6866,  95.8572, 119.2855,  81.2428,  87.6564,  83.0737,
         60.5044,  93.5703,  67.2533, 113.9766,  99.8594, 234.3119, 112.2904,
        115.1648, 107.6514, 303.0594, 101.3366,  90.0134,  78.6515,  79.9166,
         85.6386,  51.4205,  78.4286, 267.6770, 305.7375,  97.5658, 100.4388,
        179.1161,  90.8983,  87.7715,  54.0513,  88.5115,  89.0901, 265.0082,
         86.4066, 257.7990, 271.5060,  40.1618])
tensor([106.9557,  97.0857, 129.4675,  47.5749, 105.4276,  57.2898, 113.1692,
        116.6898,  90.1908,  40.2742,  99.4526,  46.1782, 286.9659,  98.1567,
        105.9984, 101.3925,  85.9733, 107.8248, 119.0418,  87.0782, 269.0825,
        104.4040, 270.6866,  95.8572, 126.8058,  81.2428,  94.7789,  93.8822,
         83.2122,  93.5703,  81.3626, 113.9766,  99.8594, 234.3119, 119.0611,
        123.5723, 116.9913, 317.4668, 101.3366,  90.0134,  78.6515,  79.9166,
         85.6386,  74.1706,  85.8825, 267.6770, 305.7375,  97.5658, 110.9343,
        179.1161, 104.6702, 101.7802,  54.0513,  88.5115,  89.0901, 290.2848,
        102.2848, 278.3227, 288.1118,  40.1618])
tensor([106.9557,  97.0857, 136.2789,  47.5749, 104.2123,  57.2898, 113.1692,
        124.4724,  90.1908,  40.2742,  99.4526,  76.7829, 304.1678, 112.2554,
        105.9984, 110.0210, 100.1462, 107.8248, 125.5347, 110.4125, 287.3568,
        104.4040, 293.4763, 109.6342, 126.8058,  92.5024,  94.7789,  93.8822,
         98.4278, 105.3908,  95.6477, 113.9766,  99.8594, 234.3119, 124.9702,
        123.5723, 116.9913, 317.4668, 113.7643,  93.6732,  78.6515,  98.3967,
         85.6386,  92.7569, 101.1755, 267.6770, 317.5839,  97.5658, 110.9343,
        179.1161, 103.1473, 101.7802,  84.1849, 106.6403,  89.0901, 306.0322,
        112.8413, 278.3227, 288.1118,  73.3700])
tensor([106.9557, 101.2032, 139.6439,  47.5749, 104.2123,  86.3681, 113.8739,
        124.4724,  90.1908,  40.2742,  99.4526,  98.3115, 304.1678, 112.2554,
        118.3061, 118.9571, 100.1462, 118.4041, 125.5347, 119.5244, 303.3268,
        112.2841, 293.4763, 109.6342, 131.5057, 103.0143,  94.7789,  93.8822,
        107.3833, 105.3908,  95.6477, 113.9766,  99.8594, 234.3119, 134.1704,
        125.2064, 122.1859, 313.3780, 113.7643,  93.6732, 104.1744, 108.9231,
         85.6386,  92.7569, 101.1755, 289.3279, 324.2450, 103.3735, 120.1217,
        241.8746, 113.6163, 101.7802, 100.2702, 115.1818,  99.2535, 306.0322,
        112.8413, 298.4940, 288.1118,  73.3700])
tensor([112.5961, 113.1140, 139.6439,  47.5749, 119.9012,  86.3681, 123.1418,
        124.4724,  90.1908,  68.1455,  99.4526, 111.0918, 304.1678, 112.2554,
        118.3061, 118.9571, 100.1462, 124.6210, 133.1540, 128.2286, 309.3427,
        112.2841, 305.3256, 109.6342, 131.5057, 103.0143,  94.7789,  93.8822,
        107.3833, 105.3908, 103.2537, 124.5991, 118.8620, 234.3119, 134.1704,
        131.8125, 122.1859, 328.1195, 113.7643, 108.0102, 114.4963, 111.6509,
        107.4204, 102.9171, 110.0157, 301.4038, 335.2283, 103.3735, 124.3006,
        241.8746, 124.5639, 101.7802, 105.9693, 115.1818, 112.5209, 316.0143,
        119.7902, 298.4940, 288.1118,  73.3700])
tensor([122.2716, 113.1140, 144.5951,  76.5509, 128.1024,  86.3681, 123.1418,
        124.4724,  90.1908,  94.5763, 116.6139, 118.6702, 312.3333, 120.8321,
        118.3061, 124.5006, 108.4531, 124.6210, 133.1540, 135.9365, 318.4624,
        112.2841, 305.3256, 109.6342, 131.5057, 103.0143,  94.7789, 112.6819,
        111.8036, 116.3024, 103.2537, 124.5991, 118.8620, 234.3119, 135.5797,
        136.5331, 128.4180, 328.1195, 122.5364, 118.7457, 114.4963, 111.6509,
        107.4204, 108.6087, 115.2292, 301.4038, 343.4809, 118.3423, 124.3006,
        269.3890, 132.6311, 101.7802, 105.9693, 115.1818, 112.5209, 316.0143,
        127.3963, 304.1609, 296.7965,  73.3700])
tensor([126.9285, 121.6614, 144.5951,  96.6253, 128.1024,  97.0718, 123.1418,
        124.4724, 109.6101,  94.5763, 123.9303, 125.5006, 312.3333, 120.8321,
        125.3665, 124.5006, 116.4932, 130.6981, 133.1540, 135.9365, 318.4624,
        118.8065, 318.9062, 109.6342, 131.5057, 115.3307, 111.9473, 112.6819,
        111.8036, 116.3024, 103.2537, 130.4570, 118.8620, 234.3119, 142.0101,
        136.5331, 134.5324, 332.4365, 129.1895, 118.7457, 114.4963, 119.6485,
        118.1398, 108.6087, 122.8104, 312.5208, 343.4809, 123.2904, 124.3006,
        269.3890, 134.6251, 101.7802, 105.9693, 123.4747, 121.5107, 326.2476,
        133.5153, 304.1609, 296.7965,  94.1894])
tensor([126.9285, 121.6614, 144.5951, 110.8031, 133.3890,  97.0718, 123.1418,
        124.4724, 109.6101, 108.3505, 132.4206, 125.5006, 312.3333, 131.8673,
        131.3503, 129.7867, 116.4932, 137.2106, 133.1540, 140.8363, 323.2419,
        125.8097, 318.9062, 117.6133, 131.5057, 115.3307, 121.5572, 112.6819,
        122.2661, 116.3024, 114.2409, 136.4813, 130.8772, 274.1394, 142.0101,
        141.1116, 139.8643, 332.4365, 129.1895, 127.2012, 121.6057, 127.9342,
        118.1398, 117.4115, 122.8104, 322.6584, 345.6100, 123.2904, 124.3006,
        269.3890, 134.6251, 113.3982, 105.9693, 123.4747, 131.4754, 326.2476,
        133.5153, 314.4946, 304.7908,  94.1894])
tensor([126.9285, 121.6614, 144.5951, 120.6530, 133.3890, 106.6379, 123.1418,
        129.7637, 109.6101, 118.5471, 136.3310, 130.5318, 312.3333, 136.5577,
        131.3503, 129.7867, 124.3154, 139.4203, 133.1540, 144.7525, 323.2419,
        125.8097, 327.0541, 124.6698, 135.5647, 125.2040, 121.5572, 124.8425,
        122.2661, 121.7087, 114.2409, 141.9279, 135.0300, 274.1394, 142.0101,
        145.4026, 144.7419, 332.4365, 134.4032, 127.2012, 121.6057, 127.9342,
        118.1398, 122.6572, 130.7029, 322.6584, 345.6100, 132.5471, 124.3006,
        286.8288, 134.6251, 113.3982, 117.5924, 128.5560, 137.5554, 326.2476,
        133.5153, 322.7725, 304.7908, 106.8557])
tensor([126.9285, 121.6614, 145.4900, 120.6530, 133.3890, 114.8232, 131.9904,
        136.6827, 119.2760, 118.5471, 141.9718, 130.5318, 312.3333, 143.5688,
        131.3503, 131.8773, 131.5816, 141.1610, 133.1540, 144.7525, 320.1587,
        125.8097, 327.0541, 124.6698, 142.4794, 133.2225, 121.5572, 134.3212,
        126.8193, 121.7087, 114.2409, 147.5408, 141.4703, 299.4987, 142.0101,
        145.4026, 144.7419, 332.4365, 134.4032, 135.6108, 125.1067, 127.9342,
        123.3384, 128.5011, 136.1749, 322.6584, 349.2762, 141.2315, 127.8923,
        296.1457, 134.6251, 125.8306, 117.5924, 128.5560, 137.5554, 326.2476,
        139.4903, 322.7725, 304.7908, 116.4637])
tensor([136.4249, 133.8320, 145.4900, 120.6530, 133.3890, 114.8232, 131.9904,
        143.8065, 119.2760, 127.7720, 141.9718, 133.0023, 319.2764, 145.5856,
        131.3503, 136.7182, 133.4670, 144.6725, 135.5902, 150.2754, 320.1587,
        125.8097, 327.0541, 124.6698, 149.0474, 133.2225, 125.0791, 134.3212,
        130.4675, 121.7087, 114.2409, 147.5408, 141.4703, 315.8254, 138.1379,
        151.0472, 144.7419, 341.9255, 136.7171, 135.6108, 131.4181, 127.9342,
        130.2174, 130.8423, 136.1749, 322.6584, 349.2762, 147.2711, 127.8923,
        313.0719, 144.4420, 125.8306, 125.0952, 137.4885, 145.5153, 326.2476,
        139.4903, 322.7725, 304.7908, 120.8744])
tensor([143.1353, 140.2015, 145.4900, 120.6530, 141.6759, 114.8232, 138.0017,
        149.7473, 124.2333, 127.7720, 145.4201, 133.0023, 319.2764, 150.5862,
        131.3503, 136.7182, 139.3402, 144.6725, 141.9118, 150.2754, 320.1587,
        125.8097, 333.4321, 132.0408, 155.1633, 133.2225, 130.7720, 134.3212,
        136.1564, 121.7087, 114.2409, 152.5431, 144.2442, 315.8254, 144.7738,
        155.7377, 149.6263, 341.9255, 136.7171, 135.6108, 131.4181, 127.9342,
        138.5532, 137.4569, 136.1749, 322.1608, 354.1734, 151.9215, 135.5030,
        313.0719, 149.3447, 134.0490, 125.0952, 144.7057, 145.5153, 326.2476,
        139.4903, 328.3589, 304.7908, 120.8744])
tensor([150.0912, 140.2015, 145.4900, 120.6530, 141.6759, 114.8232, 138.0017,
        152.8336, 124.2333, 127.7720, 145.4201, 133.0023, 327.5929, 154.2014,
        131.3503, 136.7182, 139.3402, 148.1681, 141.9118, 152.8261, 330.7225,
        131.3176, 342.6934, 132.0408, 158.2037, 139.5158, 130.7720, 137.6477,
        141.6112, 127.7980, 114.2409, 155.2356, 149.4980, 333.2080, 149.1769,
        155.7377, 153.2267, 350.7043, 136.7171, 135.6108, 131.4181, 127.9342,
        138.5532, 141.4638, 136.1749, 331.6461, 354.1734, 151.9215, 141.4679,
        322.9213, 156.0583, 143.3569, 125.0952, 147.9020, 151.1955, 326.2476,
        142.3765, 328.3589, 322.2711, 120.8744])
tensor([151.6733, 145.4978, 145.4900, 120.6530, 145.5947, 114.8232, 138.0017,
        152.8336, 124.2333, 127.7720, 148.5965, 133.0023, 337.3322, 154.2014,
        131.3503, 139.7076, 139.3402, 148.1681, 144.4941, 156.0705, 330.7225,
        136.5882, 342.6934, 136.0917, 161.5067, 142.3572, 134.2593, 140.4530,
        144.5810, 132.7462, 114.2409, 157.1068, 149.4980, 341.7412, 149.1769,
        155.7377, 153.2267, 355.8206, 140.3584, 140.8135, 131.4181, 127.9342,
        141.7311, 141.4638, 136.4311, 338.7790, 357.6230, 153.4906, 141.4679,
        322.9213, 156.0583, 145.9272, 125.0952, 151.1041, 151.1955, 324.3958,
        146.2105, 328.3589, 322.2711, 120.8744])
tensor([155.8598, 145.4978, 147.8774, 120.6530, 149.3605, 114.8232, 141.0798,
        152.8336, 124.2333, 131.0896, 151.8375, 135.8053, 337.3322, 154.2014,
        131.3503, 139.7076, 142.7455, 147.4147, 144.4941, 158.3820, 330.7225,
        136.5882, 346.2438, 140.1244, 161.5067, 146.3923, 138.8497, 140.4530,
        144.5810, 138.0527, 114.2409, 157.8859, 151.6690, 341.7412, 150.5613,
        155.7377, 153.2267, 355.8206, 144.5564, 144.4370, 135.2053, 127.9342,
        141.7311, 144.3431, 136.4311, 345.4246, 357.6230, 153.4906, 141.4679,
        328.3658, 155.3271, 150.3738, 125.0952, 152.4406, 151.1955, 324.3958,
        148.0136, 328.3589, 331.6017, 127.5117])
tensor([155.8598, 150.1761, 147.8774, 120.6530, 154.6764, 120.1688, 141.0798,
        152.8336, 124.2333, 131.0896, 157.2234, 135.8053, 337.3322, 156.5921,
        131.3503, 143.1042, 148.8893, 150.9622, 144.4941, 163.3336, 330.7225,
        140.7681, 354.6028, 147.9412, 161.5067, 152.6595, 138.8497, 145.8617,
        149.1086, 142.2601, 114.2409, 157.8859, 156.7828, 348.0614, 153.8962,
        155.7377, 153.2267, 358.6850, 148.7980, 144.4370, 139.3360, 127.9342,
        143.7965, 150.7663, 141.5829, 350.7224, 357.6230, 156.2740, 141.4679,
        328.3658, 155.3271, 155.9182, 125.0952, 152.4406, 151.1955, 333.8264,
        148.0136, 328.8019, 331.6017, 127.5117])
tensor([155.8598, 154.4671, 147.8774, 130.1563, 154.6764, 120.1688, 141.0798,
        152.8336, 124.2333, 131.0896, 159.3818, 140.2779, 337.3322, 156.5921,
        133.5532, 147.2088, 151.3592, 154.8548, 144.4941, 164.7651, 332.2210,
        145.6606, 358.8068, 147.9412, 161.5067, 156.2919, 138.8497, 150.0051,
        149.1086, 147.5908, 121.6613, 157.8859, 156.7828, 348.0614, 153.8962,
        153.2878, 153.2267, 358.6850, 148.7980, 148.6855, 144.4178, 131.8975,
        143.7965, 153.1231, 141.5829, 353.7907, 357.3846, 159.8780, 143.0520,
        328.3658, 155.3271, 158.8171, 132.1286, 155.5951, 151.1955, 333.8264,
        148.0136, 328.8019, 340.7211, 133.1818])
tensor([155.8598, 154.4671, 151.3169, 130.1563, 158.8598, 120.1688, 141.0798,
        149.2482, 130.4426, 138.5547, 162.2094, 140.2779, 338.1273, 157.1942,
        133.5532, 150.3362, 154.3176, 158.2458, 144.4941, 165.5550, 332.2210,
        145.6606, 358.8068, 148.8171, 161.5067, 160.5432, 138.8497, 150.0051,
        149.4839, 149.5700, 121.6613, 157.8859, 156.7828, 352.1714, 153.8962,
        153.2878, 150.8823, 361.1558, 151.7626, 148.6855, 148.3600, 131.8975,
        143.7965, 153.1231, 141.5829, 353.7907, 360.6101, 159.8780, 146.4540,
        331.7491, 158.1534, 163.0170, 139.0720, 157.5763, 151.1955, 333.8264,
        148.0136, 337.4866, 349.2186, 133.1818])
tensor([155.8598, 154.1412, 158.3012, 134.4098, 158.8598, 120.1688, 142.6540,
        153.6265, 130.4426, 138.5547, 162.2094, 145.8191, 349.1185, 159.8922,
        139.0300, 150.3362, 154.3176, 160.4196, 144.4941, 165.5550, 340.1279,
        149.8038, 358.8068, 148.8171, 161.5067, 158.5795, 138.8497, 150.0051,
        152.2180, 149.5700, 121.6613, 156.3157, 156.7828, 355.6609, 153.8962,
        154.1291, 150.8823, 361.1558, 156.2682, 149.9317, 148.3600, 135.0162,
        143.7965, 153.6302, 144.3270, 353.7907, 360.6101, 159.8780, 151.3622,
        331.7491, 158.1534, 163.0170, 143.1461, 160.9110, 149.1624, 340.9545,
        148.0136, 345.0573, 351.8163, 136.7285])
tensor([153.7487, 154.1412, 162.0904, 134.4098, 158.8598, 125.0414, 142.6540,
        157.8823, 130.4426, 138.5547, 162.5777, 145.8191, 356.0298, 163.5609,
        144.0286, 152.4762, 155.1824, 160.4196, 145.0967, 165.5550, 346.0311,
        154.6335, 358.8068, 148.8171, 157.8670, 161.2001, 138.8497, 150.0051,
        155.7944, 152.1725, 126.8268, 160.2800, 156.7828, 355.6609, 153.8962,
        158.1617, 150.8823, 360.4956, 157.5516, 149.9317, 151.5095, 135.0162,
        143.7965, 153.6302, 144.3270, 352.8064, 360.6101, 159.8780, 155.5550,
        339.8116, 157.5689, 160.0924, 147.2306, 160.9110, 153.6001, 340.9545,
        148.0136, 345.0573, 351.8163, 136.7285])
tensor([158.9596, 158.7483, 166.0234, 142.5870, 158.8598, 129.3805, 142.6540,
        161.4229, 131.4626, 142.3285, 162.5777, 145.8191, 356.0298, 166.4263,
        144.0286, 152.4762, 158.2515, 158.5962, 145.0967, 166.7730, 346.0311,
        154.6335, 358.8068, 148.8171, 161.3314, 161.2001, 138.8497, 150.0051,
        155.7944, 152.8608, 126.8268, 160.2800, 156.7828, 358.9173, 150.3688,
        158.1617, 154.1271, 360.4956, 159.7315, 149.9317, 151.5095, 139.3989,
        144.0319, 155.1984, 144.3270, 352.8064, 360.6101, 158.3981, 158.6815,
        339.8116, 162.5408, 165.8584, 152.1138, 160.9110, 153.6001, 347.6766,
        147.6571, 344.3900, 355.7852, 136.7285])
tensor([158.9596, 162.4329, 166.0234, 149.3713, 158.8598, 135.5112, 142.6540,
        161.4229, 138.2324, 142.3285, 162.5777, 146.4370, 359.2704, 166.4263,
        144.0286, 154.3880, 162.9148, 162.0758, 145.0967, 166.7730, 346.0311,
        157.8079, 357.6465, 148.8171, 165.5917, 161.2001, 138.8497, 151.3582,
        158.8317, 152.8608, 126.8268, 164.6133, 156.7828, 361.0032, 150.3688,
        162.0673, 154.1271, 363.0077, 162.7632, 149.9317, 154.0245, 145.5639,
        150.4882, 159.6139, 148.5706, 353.8592, 360.6101, 161.6318, 158.6815,
        343.0251, 162.5408, 165.8584, 157.0731, 160.9110, 153.6001, 355.1942,
        147.6571, 344.3900, 359.0001, 136.7285])
tensor([158.9596, 162.4329, 165.2559, 152.2827, 155.0968, 139.4533, 144.6018,
        161.4229, 138.2324, 144.5786, 162.2750, 149.9661, 361.6847, 167.0291,
        144.0286, 154.3880, 163.9058, 163.1805, 145.0967, 166.7730, 346.0311,
        157.8079, 357.6465, 151.9677, 165.5917, 161.2001, 141.6406, 154.3505,
        158.8317, 152.8608, 130.6143, 164.6133, 153.8875, 361.0032, 153.8614,
        164.1612, 154.1271, 363.0077, 162.7632, 150.7182, 154.0245, 149.0095,
        153.3163, 161.3746, 148.5706, 355.9629, 360.2088, 162.6829, 158.6815,
        343.0251, 162.5408, 165.8584, 159.2216, 160.9110, 155.8863, 355.1942,
        150.7151, 344.3900, 361.4502, 136.7285])
tensor([158.9596, 163.3319, 167.3049, 158.9278, 155.0968, 143.2285, 144.6018,
        162.4950, 142.8689, 144.5786, 162.2750, 149.9661, 361.6847, 167.0291,
        144.0286, 154.3880, 166.4634, 167.1279, 145.0967, 166.5313, 344.0815,
        157.8079, 357.6465, 151.9677, 166.0884, 159.7833, 141.6406, 158.1872,
        158.9514, 152.8608, 130.6143, 164.6133, 153.8875, 361.5038, 159.8307,
        164.1612, 155.7654, 363.0077, 163.2580, 150.7182, 154.0245, 149.0095,
        159.7661, 164.8012, 152.2431, 361.8369, 360.2088, 166.7645, 160.6071,
        343.0251, 162.5408, 165.8584, 159.2216, 158.6887, 162.8738, 356.7605,
        155.1186, 344.3900, 364.9201, 138.2497])
tensor([158.9596, 165.6002, 167.3049, 158.9278, 155.0968, 143.2285, 151.7510,
        162.4950, 147.1282, 144.5786, 165.3329, 149.9661, 363.4035, 167.5158,
        144.0286, 155.3597, 166.4634, 167.1279, 147.1228, 169.5268, 344.0815,
        158.7866, 357.6465, 154.7444, 166.0884, 162.1257, 141.6406, 161.4251,
        161.7085, 152.8608, 135.5105, 164.6133, 156.8551, 362.8340, 163.3627,
        166.4661, 155.7654, 361.9732, 163.2580, 150.7182, 154.5088, 150.8570,
        159.7661, 166.1056, 152.2431, 361.8369, 363.2784, 166.7645, 163.3593,
        343.0251, 162.2495, 165.8584, 159.9148, 162.4249, 162.8738, 361.3216,
        155.1186, 349.2463, 364.9201, 138.2497])
tensor([157.2972, 165.6002, 166.6179, 158.9278, 157.1020, 143.2285, 156.0747,
        161.1592, 149.8016, 148.8762, 165.3329, 149.9661, 363.4035, 167.5158,
        146.0213, 155.3597, 166.4634, 167.6837, 147.1228, 168.8586, 352.1935,
        158.7866, 353.0224, 154.7444, 166.0884, 162.1257, 142.8966, 161.4251,
        161.7085, 152.8608, 135.5105, 164.6133, 158.9264, 366.0801, 166.6492,
        166.4661, 156.8633, 365.6173, 163.2580, 150.7182, 160.4053, 152.7098,
        159.7661, 166.1056, 153.5206, 361.8369, 363.2784, 167.4276, 167.2638,
        347.3993, 164.3631, 165.8584, 161.8800, 162.4249, 162.8738, 362.0988,
        155.4483, 349.2463, 365.1034, 141.6633])
tensor([157.2972, 165.1606, 166.6179, 158.1033, 161.8934, 144.7224, 156.0747,
        161.1592, 153.5558, 148.8762, 166.6056, 149.9661, 363.4035, 167.5158,
        146.0213, 158.2344, 165.2930, 167.5133, 147.1228, 170.9112, 352.1935,
        157.4168, 353.0224, 154.5656, 164.3849, 163.9509, 142.8966, 161.4251,
        161.7085, 153.6662, 138.1751, 159.4339, 162.2346, 367.3085, 167.0692,
        166.4661, 160.8632, 367.5834, 163.2580, 150.7182, 161.7076, 156.2332,
        159.7661, 166.1056, 153.5206, 362.8784, 363.2784, 168.9618, 167.2638,
        347.3993, 167.4921, 165.8584, 163.9429, 162.4249, 162.8738, 362.0988,
        159.6786, 356.4613, 365.1034, 141.6633])
tensor([157.2972, 169.2469, 166.6179, 162.8666, 166.8646, 149.8266, 160.3569,
        166.3256, 158.1584, 148.8762, 166.6056, 153.1531, 363.4035, 168.6042,
        150.3005, 158.2344, 167.9187, 169.0966, 150.2836, 170.9112, 352.1935,
        157.4168, 353.0224, 154.5656, 164.3849, 163.9509, 147.6113, 160.9006,
        161.7085, 153.6662, 138.1751, 159.4339, 165.6374, 369.0139, 168.0256,
        166.4661, 166.8073, 367.5834, 163.2580, 153.8720, 165.5354, 156.2332,
        158.9585, 164.5066, 153.5206, 362.8784, 364.4166, 172.5109, 167.2638,
        349.2714, 167.4921, 165.8584, 163.9429, 163.9868, 162.8738, 362.0988,
        164.7931, 356.4613, 365.2788, 146.0951])
tensor([160.1710, 169.2469, 166.6179, 162.8666, 169.4733, 149.8266, 160.3569,
        166.3256, 158.1584, 148.8762, 166.6056, 153.1531, 362.0206, 168.6042,
        155.3609, 162.1128, 168.2892, 169.0966, 156.3493, 170.9112, 352.1935,
        157.4168, 353.0224, 160.3635, 169.3526, 163.9509, 150.0158, 163.1091,
        159.5542, 153.6662, 140.5054, 164.8263, 167.1862, 369.0139, 171.0970,
        166.4661, 166.8073, 368.2138, 162.4460, 153.8720, 169.4854, 156.2332,
        163.4653, 166.2405, 153.5206, 363.5033, 364.4166, 172.5109, 167.2638,
        356.3629, 167.4921, 160.3757, 163.9429, 163.9868, 161.3267, 363.9039,
        168.1542, 359.1534, 367.9686, 150.6658])
tensor([162.9402, 169.2469, 166.5338, 162.8666, 169.4733, 149.8266, 160.3569,
        167.7749, 158.1584, 148.8762, 166.6056, 153.1531, 363.9500, 168.6042,
        155.3609, 162.1128, 168.2892, 169.0966, 157.1263, 172.4144, 349.4401,
        157.4168, 356.5375, 160.3635, 169.3526, 163.9509, 152.6536, 164.7583,
        159.5542, 153.5006, 140.5054, 164.8263, 168.2394, 369.3228, 168.3584,
        163.0036, 166.5452, 369.8583, 162.4460, 158.0681, 167.6848, 154.6287,
        162.9148, 166.2405, 151.0253, 363.5033, 365.0265, 173.4797, 167.2638,
        356.7422, 168.4744, 160.3757, 163.9429, 163.9868, 161.3267, 365.7845,
        168.4052, 360.8816, 367.9686, 153.4988])
tensor([ 41.6837,  20.1547,   0.0000,   0.0000,  41.8349,   0.0000,  17.9818,
         18.9712,  40.9339,   0.0000,   0.0000,   0.0000,   0.0000,  41.9694,
         41.5616,   0.0000,  27.9060,  40.8578,   0.0000,   0.0000,  41.5446,
          0.0000,   0.0000,   0.0000,  95.9722,   0.0000,   0.0000,  65.1111,
         26.9693,   0.0000,  43.2631,  26.2614,  26.1263,   0.0000,   0.0000,
          0.0000,  96.4468,   0.0000,  18.8746,  25.6256,   0.0000,  46.4150,
         18.0309,   0.0000,  26.6925,   0.0000,  18.5462,   0.0000,  79.0551,
         48.5335,   0.0000,  25.2893,   0.0000,   0.0000,  89.1647,  18.3694,
        103.8089,   0.0000,   0.0000,   0.0000])
tensor([ 97.3518,  36.9834,   0.0000,   0.0000,  41.8349,   0.0000,  33.3088,
         34.3026,  40.9339,   0.0000,   0.0000,  76.2452,   0.0000,  86.9638,
         95.8823,   0.0000,  27.9060,  40.8578,  78.8811,   0.0000,  41.5446,
         32.2980,  24.9464,   0.0000, 223.4946,   0.0000,  61.7466, 131.1887,
         45.8374,  47.1976,  43.2631,  43.9409,  26.1263,  32.1220,  23.8255,
         24.7334,  96.4468,   0.0000,  18.8746,  44.1745,   0.0000, 122.9379,
         32.8042,  32.1803,  46.2441,  54.2274,  32.7235,  24.5246, 143.8360,
         48.5335,  52.7555,  25.2893,   0.0000,   0.0000,  89.1647,  18.3694,
        254.8849,   0.0000,   0.0000,   0.0000])
tensor([ 97.3518,  36.9834,  28.8759,   0.0000,  41.8349,  38.4313,  49.5921,
         34.3026,  40.9339,   0.0000,  51.7439, 135.3066, 104.0922,  86.9638,
         95.8823,  43.8591,  45.2129,  40.8578, 138.0447,  39.6766,  41.5446,
         32.2980,  24.9464,  36.0898, 223.4946,  84.0837, 128.5575, 162.6093,
         56.2943,  47.1976,  86.7583,  54.0932,  46.1940,  32.1220,  23.8255,
         44.1541,  96.4468,  92.9604,  40.5664,  44.1745,   0.0000, 122.9379,
         50.0463,  32.1803,  46.2441, 119.8382,  49.7197,  43.9070, 143.8360,
        107.1868,  52.7555,  25.2893,   0.0000,  94.0890,  89.1647,  40.2075,
        254.8849,  29.5408,   0.0000,  39.7063])
tensor([114.4267,  63.1237,  50.8044,   0.0000,  41.8349,  38.4313,  49.5921,
         34.3026,  40.9339,   0.0000, 106.1965, 135.3066, 226.6738,  86.9638,
        113.5350,  43.8591,  45.2129,  40.8578, 138.0447,  81.5999,  41.5446,
         32.2980,  51.5031,  48.3652, 223.4946, 207.8420, 128.5575, 162.6093,
         56.2943, 101.3901, 109.9812,  60.6017,  54.8236,  48.7457,  51.2021,
         62.0629,  96.4468, 233.8415,  40.5664,  56.1683,   0.0000, 142.4212,
         66.0526,  32.1803,  58.5864, 142.9858,  64.9189,  43.9070, 160.0313,
        107.1868, 107.1710,  25.2893,   0.0000, 186.8179,  89.1647,  61.0495,
        280.1829,  29.5408,  95.3453,  39.7063])
tensor([130.0676,  63.1237,  50.8044,  84.1074,  41.8349,  38.4313,  49.5921,
         34.3026,  85.4095,   0.0000, 106.1965, 135.3066, 292.4323, 106.9685,
        128.8267,  43.8591,  45.2129,  92.4525, 138.0447,  81.5999,  41.5446,
         50.9331,  65.8356,  61.8357, 252.6851, 207.8420, 162.1486, 180.0992,
         56.2943, 101.3901, 127.9493,  70.6194,  66.7309,  62.9128,  51.2021,
         72.9046, 208.8371, 297.7715,  63.8444,  56.1683,  48.0235, 142.4212,
         76.1077,  32.1803,  58.5864, 142.9858,  74.0836,  63.2436, 160.0313,
        107.1868, 137.7655,  49.7479,  46.7295, 186.8179, 205.7883,  61.0495,
        280.1829,  51.1749,  95.3453,  39.7063])
tensor([140.5419,  80.5435,  69.3114,  84.1074, 100.9812,  89.1158,  49.5921,
         62.0746, 114.0246,   0.0000, 143.4041, 159.3081, 292.4323, 106.9685,
        140.3435, 115.2589,  56.2331, 122.1618, 162.8793,  81.5999,  41.5446,
         50.9331,  80.0453,  61.8357, 252.6851, 207.8420, 162.1486, 180.0992,
         65.8785, 101.3901, 127.9493,  70.6194,  72.1263,  62.9128,  51.2021,
         84.7341, 208.8371, 322.8151,  81.1137,  56.1683, 117.1487, 142.4212,
         76.1077,  48.6565,  58.5864, 160.5188,  74.0836,  63.2436, 160.0313,
        107.1868, 152.6373,  62.2916,  46.7295, 252.4997, 258.6696,  78.0910,
        280.1829,  69.5120, 251.5191,  39.7063])
tensor([140.5419,  95.7147,  69.3114,  84.1074, 127.4590,  89.1158,  75.3523,
         79.4958, 114.0246,   0.0000, 155.8612, 159.3081, 321.5429, 127.9950,
        146.4780, 115.2589,  73.3247, 136.1928, 201.2247, 119.6011,  97.7591,
         69.4473,  80.0453,  61.8357, 284.4125, 285.8872, 197.4091, 209.9738,
         65.8785, 145.3371, 144.5173,  82.4879,  86.4967,  78.0756,  71.5256,
         84.7341, 208.8371, 322.8151,  81.1137,  56.1683, 153.1338, 160.6638,
         93.3433,  48.6565,  77.4188, 165.7339,  89.8725,  63.2436, 160.0313,
        107.1868, 152.6373,  62.2916,  46.7295, 252.4997, 258.6696,  78.0910,
        280.1829,  69.5120, 251.5191,  39.7063])
tensor([140.5419, 108.6772,  90.3510, 200.2779, 140.9809,  89.1158,  75.3523,
         79.4958, 133.4526,   0.0000, 163.8521, 159.3081, 321.5429, 139.0772,
        153.8733, 115.2589,  73.3247, 136.1928, 201.2247, 135.4897, 127.7849,
         69.4473,  80.0453,  61.8357, 284.4125, 314.3001, 197.4091, 242.4786,
         88.1691, 145.3371, 144.5173,  82.4879,  99.2164,  92.4874,  89.1177,
         84.7341, 267.7486, 344.7264, 100.9687,  56.1683, 164.0759, 167.5159,
         93.3433,  74.2952,  92.5901, 170.0778, 102.1695,  88.2370, 160.0313,
        153.4486, 161.4912,  62.2916, 101.5804, 252.4997, 258.6696,  78.0910,
        310.1765,  69.5120, 251.5191,  39.7063])
tensor([151.0939, 108.6772, 103.9885, 200.2779, 149.4263,  89.1158,  96.9120,
         79.4958, 143.8490,   0.0000, 169.2960, 159.3081, 339.1085, 147.4199,
        153.8733, 115.2589,  90.1226, 136.1928, 201.2247, 146.1985, 127.7849,
         69.4473, 105.6374,  61.8357, 310.4699, 314.3001, 241.1919, 266.2655,
         88.1691, 161.8834, 154.3365,  98.4234, 108.0552,  92.4874,  89.1177,
        107.9706, 300.6806, 352.3166, 113.4689,  83.4835, 164.0759, 167.5159,
         93.3433,  74.2952,  92.5901, 173.5016, 112.8726, 104.0907, 205.6338,
        153.4486, 161.4912,  62.2916, 101.5804, 288.9428, 258.6696, 105.0495,
        310.1765,  69.5120, 324.8976,  39.7063])
tensor([151.0939, 126.1419, 116.3294, 200.2779, 154.0759,  89.1158, 110.2286,
         79.4958, 150.5957,   0.0000, 171.7018, 159.3081, 348.3190, 153.2096,
        153.8733, 157.8300,  90.1226, 148.2941, 247.6713, 146.1985, 142.4373,
         92.6179, 118.3635,  61.8357, 326.2781, 335.8027, 241.1919, 288.5743,
         88.1691, 161.8834, 154.3365, 108.3773, 117.5811,  92.4874, 107.5242,
        119.1788, 320.5833, 359.7054, 113.4689,  98.8200, 164.0759, 167.5159,
        118.8634,  74.2952,  92.5901, 173.5016, 112.8726, 104.0907, 205.6338,
        153.4486, 161.4912,  62.2916, 101.5804, 310.2609, 305.2531, 119.6640,
        310.1765,  99.1685, 346.3462,  39.7063])
