tensor([34.8013, 35.8226,  0.0000,  0.0000, 37.9256,  0.0000, 36.7093, 37.2254,
        36.5640,  0.0000,  0.0000,  0.0000,  0.0000, 37.1312, 37.3262,  0.0000,
        36.1458, 37.6435,  0.0000,  0.0000, 35.6392,  0.0000,  0.0000,  0.0000,
        37.3404,  0.0000,  0.0000, 35.6401, 37.1796,  0.0000, 36.7921, 37.0223,
        36.9302,  0.0000,  0.0000,  0.0000, 35.8523,  0.0000, 37.4613, 35.4443,
         0.0000, 35.9272, 37.5995,  0.0000, 36.6597,  0.0000, 34.7988,  0.0000,
        37.8055, 36.6857,  0.0000, 36.0127,  0.0000,  0.0000, 35.9930, 37.0551,
        35.6522,  0.0000,  0.0000,  0.0000])
tensor([54.4920, 55.9907,  0.0000,  0.0000, 37.9256,  0.0000, 60.0557, 60.2992,
        36.5640,  0.0000,  0.0000, 53.7275,  0.0000, 58.1575, 60.5915,  0.0000,
        36.1458, 37.6435, 54.5349,  0.0000, 35.6392, 58.2507, 54.9664,  0.0000,
        59.5249,  0.0000, 59.6879, 54.3661, 60.8668, 53.1420, 36.7921, 60.3605,
        36.9302, 55.5115, 56.2123, 55.2350, 35.8523,  0.0000, 37.4613, 53.5509,
         0.0000, 56.1810, 60.9560, 54.9762, 55.2954, 60.6408, 53.8636, 55.7588,
        61.2636, 36.6857, 58.2111, 36.0127,  0.0000,  0.0000, 35.9930, 37.0551,
        53.5743,  0.0000,  0.0000,  0.0000])
tensor([54.4920, 55.9907, 84.7904,  0.0000, 37.9256, 72.1035, 72.4800, 60.2992,
        36.5640,  0.0000, 70.7065, 89.7899, 69.8136, 58.1575, 60.5915, 69.0452,
        90.9411, 37.6435, 87.6386, 84.3873, 35.6392, 58.2507, 54.9664, 84.5811,
        59.5249, 86.7551, 74.5518, 87.5458, 74.9654, 53.1420, 73.5581, 73.0702,
        73.3130, 55.5115, 56.2123, 87.3518, 35.8523, 75.6347, 75.3072, 53.5509,
         0.0000, 56.1810, 75.2680, 54.9762, 55.2954, 74.4899, 90.5508, 93.6654,
        61.2636, 72.9689, 58.2111, 36.0127,  0.0000, 86.3290, 35.9930, 69.8421,
        53.5743, 74.5132,  0.0000, 70.3459])
tensor([ 61.6125,  61.2121,  58.5832,   0.0000,  37.9256,  72.1035,  72.4800,
         60.2992,  36.5640,   0.0000, 133.0229,  89.7899, 137.4332,  58.1575,
        145.1676,  69.0452,  90.9411,  37.6435,  87.6386,  58.6393,  35.6392,
         58.2507,  58.0060,  60.3964,  59.5249,  61.5592,  74.5518,  87.5458,
         74.9654,  57.2826, 144.6229, 140.3889, 140.5090,  61.7225,  61.0214,
         59.8172,  35.8523, 140.6231,  75.3072,  61.0762,   0.0000,  62.1780,
        147.5294,  54.9762,  58.8909, 144.8908,  62.0094,  93.6654, 141.0394,
         72.9689, 133.7235,  36.0127,   0.0000,  64.5252,  35.9930, 143.2309,
         61.0511,  74.5132, 135.9906,  70.3459])
tensor([161.6524,  61.2121,  58.5832,  65.3050,  37.9256,  72.1035,  72.4800,
         60.2992, 162.3993,   0.0000, 133.0229,  89.7899,  63.5175,  60.5481,
         68.2570,  69.0452,  90.9411,  62.1177,  87.6386,  58.6393,  35.6392,
         61.3758, 163.7121, 159.9702,  62.8711,  61.5592,  66.1504, 167.9913,
         74.9654,  57.2826,  66.5181,  69.6900,  69.9102, 170.7582,  61.0214,
        165.3728, 165.8694,  70.6462,  68.7174,  61.0762, 159.5413,  62.1780,
         67.9123,  54.9762,  58.8909, 144.8908, 168.2997, 172.4677, 141.0394,
         72.9689,  64.4270, 160.7339, 151.4596,  64.5252, 161.1413, 143.2309,
         61.0511,  67.1172, 135.9906,  70.3459])
tensor([100.5739,  96.6206,  88.2956,  65.3050, 156.0676, 153.2893,  72.4800,
        158.2837,  92.9470,   0.0000, 150.5473,  94.1222,  63.5175,  60.5481,
        169.3048, 154.7924,  90.4425, 146.8799,  89.0176,  58.6393,  35.6392,
         61.3758,  92.6438, 159.9702,  62.8711,  61.5592,  66.1504, 167.9913,
        159.5536,  57.2826,  66.5181,  69.6900, 171.1115, 170.7582,  61.0214,
         94.5394, 165.8694, 167.9031, 170.4773,  61.0762,  86.3730,  62.1780,
         67.9123,  86.5069,  58.8909, 168.7050, 168.2997, 172.4677, 141.0394,
         72.9689, 158.0825,  91.1681, 151.4596,  91.7929,  91.7088, 158.9782,
         61.0511, 162.6104, 155.0292,  70.3459])
tensor([100.5739, 142.2542,  88.2956,  65.3050, 143.0148, 153.2893, 137.8997,
        146.1663,  92.9470,   0.0000, 147.9088,  94.1222, 147.8375, 142.5322,
        162.1884, 154.7924, 137.7509, 138.4529, 137.3161, 124.4592, 119.6395,
        142.5844,  92.6438, 159.9702, 145.3671, 118.1180, 149.7886, 133.7006,
        159.5536, 119.4745, 150.0796, 158.1703, 163.6469, 128.1237, 127.1128,
         94.5394, 165.8694, 167.9031, 170.4773,  61.0762, 133.6069, 129.6874,
        157.9068,  86.5069, 124.1406, 159.2031, 136.1441, 172.4677, 141.0394,
         72.9689, 158.0825,  91.1681, 151.4596,  91.7929,  91.7088, 158.9782,
         61.0511, 162.6104, 155.0292,  70.3459])
tensor([100.5739, 163.9904, 141.5527, 155.1581, 172.2722, 153.2893, 137.8997,
        146.1663, 146.8403,   0.0000, 169.5415,  94.1222, 147.8375, 169.5847,
        189.0641, 154.7924, 137.7509, 138.4529, 137.3161, 143.4129, 150.9199,
        142.5844,  92.6438, 159.9702, 145.3671, 148.3034, 149.7886, 150.9663,
        153.9933, 119.4745, 150.0796, 158.1703, 191.6690, 151.1570, 151.3896,
         94.5394, 135.2398, 165.5494, 169.6028,  61.0762, 157.7621, 152.5470,
        157.9068, 141.1572, 146.1037, 185.8106, 156.3618, 144.2064, 141.0394,
        148.5285, 157.8551,  91.1681, 122.9138,  91.7929,  91.7088, 158.9782,
        124.7820, 162.6104, 155.0292,  70.3459])
tensor([197.9489, 163.9904, 225.3757, 155.1581, 142.2498, 153.2893, 115.4242,
        146.1663, 223.1562,   0.0000, 145.6384,  94.1222, 133.2525, 141.0618,
        189.0641, 154.7924, 225.5728, 138.4529, 137.3161, 226.9694, 150.9199,
        142.5844, 207.3377, 159.9702, 121.7173, 148.3034, 125.0679, 226.2750,
        153.9933, 196.0844, 128.4704, 140.7357, 158.4922, 151.1570, 151.3896,
        203.3846, 215.2820, 137.6076, 138.8227, 183.5050, 157.7621, 152.5470,
        157.9068, 141.1572, 146.1037, 153.8373, 232.0370, 230.9109,  99.5890,
        148.5285, 157.8551,  91.1681, 122.9138, 199.4031,  91.7088, 100.9329,
        124.7820, 162.6104, 106.4146,  70.3459])
tensor([197.9489, 220.0329, 215.6711, 155.1581, 246.4498, 153.2893, 204.7130,
        146.1663, 210.9042,   0.0000, 237.4432,  94.1222, 243.1853, 231.1892,
        189.0641, 159.2588, 225.5728, 167.7679, 189.5631, 226.9694, 202.3255,
        191.1617, 199.1716, 159.9702, 221.1319, 196.7170, 125.0679, 214.2237,
        153.9933, 196.0844, 128.4704, 245.8179, 260.0215, 151.1570, 208.9272,
        199.9043, 210.3317, 236.7964, 138.8227, 168.5199, 157.7621, 152.5470,
        197.5588, 141.1572, 146.1037, 153.8373, 232.0370, 230.9109,  99.5890,
        148.5285, 157.8551,  91.1681, 122.9138, 188.2002, 158.7363, 204.7124,
        124.7820, 173.0968, 208.4857,  70.3459])
tensor([197.9489, 220.0329, 256.9751, 155.1581, 281.1147, 153.2893, 239.8587,
        182.2411, 254.5857, 144.0337, 261.8170,  94.1222, 243.1853, 264.3444,
        189.0641, 215.5035, 233.5097, 213.7858, 240.8193, 226.9694, 248.8892,
        245.1605, 199.1716, 155.1575, 258.6552, 196.7170, 226.6821, 214.2237,
        153.9933, 196.0844, 128.4704, 283.0481, 290.9954, 151.1570, 248.9597,
        252.2325, 210.3317, 268.2325, 244.1067, 168.5199, 157.7621, 152.5470,
        197.5588, 141.1572, 146.1037, 153.8373, 232.0370, 230.9298, 220.3147,
        148.5285, 157.8551, 170.4293, 175.5480, 188.2002, 158.7363, 204.7124,
        186.7300, 173.0968, 252.4472, 159.0420])
tensor([200.5904, 220.0329, 278.4032, 155.1581, 295.6090, 174.9997, 265.1379,
        250.1135, 274.7983, 144.0337, 261.8170,  94.1222, 243.1853, 264.3444,
        229.8454, 215.5035, 233.5097, 258.5501, 265.5689, 226.9694, 248.8892,
        283.6565, 199.1716, 221.5247, 289.1047, 196.7170, 267.2886, 214.2237,
        153.9933, 199.3410, 128.4704, 283.0481, 311.4618, 151.1570, 279.5146,
        276.6654, 264.2088, 292.8961, 244.1067, 224.6008, 157.7621, 210.9447,
        197.5588, 141.1572, 211.5983, 153.8373, 231.9801, 267.6805, 273.8963,
        148.5285, 205.5136, 234.6079, 175.5480, 188.2002, 224.2478, 204.7124,
        186.7300, 229.7700, 252.4472, 159.0420])
tensor([273.4799, 284.4613, 308.8856, 155.1581, 295.6090, 174.9997, 282.4901,
        282.6595, 274.7983, 144.0337, 277.4170,  94.1222, 293.0524, 290.4306,
        229.8454, 259.9325, 296.8586, 258.5501, 295.3148, 226.9694, 286.4369,
        283.6565, 199.1716, 221.5247, 298.3294, 196.7170, 289.4315, 272.7844,
        191.4514, 199.3410, 237.6762, 283.0481, 311.4618, 151.1570, 307.5049,
        311.4774, 307.5641, 312.7003, 244.1067, 224.6008, 157.7621, 210.9447,
        197.5588, 225.6289, 270.8805, 153.8373, 231.9801, 267.6805, 302.5778,
        148.5285, 255.3134, 289.0696, 175.5480, 188.2002, 224.2478, 251.7964,
        262.9774, 255.3589, 290.0076, 159.0420])
tensor([273.4799, 284.4613, 321.3262, 155.1581, 314.2140, 174.9997, 282.4901,
        310.1190, 274.7983, 144.0337, 277.4170, 197.6291, 313.8416, 304.5985,
        229.8454, 296.9954, 322.4199, 258.5501, 309.3057, 268.4232, 303.4454,
        283.6565, 271.7444, 288.5172, 298.3294, 273.1465, 289.4315, 272.7844,
        274.6273, 261.2254, 278.9369, 283.0481, 311.4618, 151.1570, 324.5792,
        311.4774, 307.5641, 312.7003, 276.1914, 283.5196, 157.7621, 271.5648,
        197.5588, 283.1451, 296.9978, 153.8373, 278.5597, 267.6805, 302.5778,
        148.5285, 297.2628, 289.0696, 243.9971, 266.1188, 224.2478, 282.6514,
        291.6250, 255.3589, 290.0076, 246.0913])
tensor([273.4799, 308.9842, 334.1318, 155.1581, 314.2140, 248.0074, 290.3261,
        310.1190, 274.7983, 144.0337, 277.4170, 287.9213, 313.8416, 304.5985,
        261.2328, 312.4176, 322.4199, 270.5705, 309.3057, 322.2527, 322.0364,
        307.8331, 271.7444, 288.5172, 311.0767, 311.1219, 289.4315, 272.7844,
        295.9656, 261.2254, 278.9369, 283.0481, 311.4618, 151.1570, 337.2892,
        324.0477, 322.3447, 325.5495, 276.1914, 283.5196, 264.3069, 292.3615,
        197.5588, 283.1451, 296.9978, 256.6513, 305.1122, 306.8824, 320.3350,
        194.4884, 314.5987, 289.0696, 284.0775, 302.8647, 294.2130, 282.6514,
        291.6250, 292.2213, 290.0076, 246.0913])
tensor([298.7505, 326.4011, 334.1318, 155.1581, 326.5744, 248.0074, 313.1349,
        310.1190, 274.7983, 236.4422, 277.4170, 314.7914, 313.8416, 304.5985,
        261.2328, 312.4176, 322.4199, 290.5921, 324.5917, 338.3774, 331.3731,
        307.8331, 298.1101, 288.5172, 311.0767, 311.1219, 289.4315, 272.7844,
        295.9656, 261.2254, 301.5223, 304.1395, 311.3963, 151.1570, 337.2892,
        333.1879, 322.3447, 340.7563, 276.1914, 307.6288, 313.1102, 303.0587,
        263.1744, 308.5059, 314.6726, 300.4064, 320.3075, 306.8824, 336.1292,
        194.4884, 331.4693, 289.0696, 298.7135, 302.8647, 309.4593, 302.6344,
        311.7931, 292.2213, 290.0076, 246.0913])
tensor([309.5562, 326.4011, 344.5043, 212.9655, 335.3529, 248.0074, 313.1349,
        310.1190, 274.7983, 299.9995, 294.3864, 332.8714, 334.5196, 316.0808,
        261.2328, 329.7398, 333.7953, 290.5921, 324.5917, 342.5771, 335.3479,
        307.8331, 298.1101, 288.5172, 311.0767, 311.1219, 289.4315, 308.2197,
        315.7574, 306.4762, 301.5223, 304.1395, 311.3963, 151.1570, 335.2362,
        337.1608, 334.9070, 340.7563, 301.7808, 324.4349, 313.1102, 303.0587,
        263.1744, 325.3702, 329.5804, 300.4064, 335.1408, 324.5725, 336.1292,
        296.0984, 334.3339, 289.0696, 298.7135, 302.8647, 309.4593, 302.6344,
        328.1015, 313.1127, 308.4814, 246.0913])
tensor([317.6108, 333.2585, 344.5043, 297.7031, 335.3529, 305.2715, 313.1349,
        310.1190, 305.7365, 299.9995, 314.8518, 341.2473, 334.5196, 316.0808,
        309.7272, 329.7398, 343.3595, 322.4939, 324.5917, 342.5771, 335.3479,
        325.7870, 305.1515, 288.5172, 311.0767, 329.4254, 311.1075, 308.2197,
        315.7574, 306.4762, 301.5223, 325.0533, 311.3963, 151.1570, 342.7072,
        337.1608, 342.2266, 347.5325, 318.0296, 324.4349, 313.1102, 310.2321,
        313.9574, 325.3702, 339.2834, 317.1850, 335.1408, 331.3125, 336.1292,
        296.0984, 345.2164, 289.0696, 298.7135, 315.6001, 311.6530, 315.5297,
        337.1555, 313.1127, 308.4814, 301.6740])
tensor([317.6108, 333.2585, 344.5043, 323.8076, 345.2173, 305.2715, 313.1349,
        310.1190, 305.7365, 320.5633, 331.3087, 341.2473, 334.5196, 327.5694,
        328.9839, 341.5403, 343.3595, 326.3713, 324.5917, 343.7799, 337.7483,
        330.5796, 305.1515, 316.8826, 311.0767, 329.4254, 320.2670, 308.2197,
        325.2167, 306.4762, 316.2932, 332.1977, 332.4070, 252.0611, 342.7072,
        343.4281, 342.4549, 347.5325, 318.0296, 333.1067, 322.7362, 316.9385,
        313.9574, 334.8261, 339.2834, 333.3770, 341.9614, 331.3125, 336.1292,
        296.0984, 345.2164, 312.7386, 298.7135, 315.6001, 316.6240, 315.5297,
        337.1555, 323.6301, 318.7325, 301.6740])
tensor([317.6108, 333.2585, 344.5043, 336.1685, 345.2173, 312.5632, 313.1349,
        319.2152, 305.7365, 332.2976, 341.2913, 345.1676, 334.5196, 336.6910,
        328.9839, 341.5403, 348.4841, 336.6111, 324.5917, 348.2940, 337.7483,
        330.5796, 318.6773, 326.1624, 325.3138, 334.5823, 320.2670, 319.8813,
        325.2167, 308.7441, 316.2932, 341.8334, 341.3291, 252.0611, 342.7072,
        350.9218, 350.1616, 347.5325, 327.1400, 333.1067, 322.7362, 316.9385,
        313.9574, 341.9716, 343.7159, 333.3770, 341.9614, 340.4672, 336.1292,
        316.3375, 345.2164, 312.7386, 303.2625, 319.7897, 331.3981, 315.5297,
        337.1555, 334.6164, 318.7325, 320.3683])
tensor([317.6108, 333.2585, 351.2120, 336.1685, 345.2173, 321.3191, 322.5371,
        326.0997, 323.1871, 332.2976, 350.7258, 345.1676, 334.5196, 340.4767,
        328.9839, 337.0981, 351.2896, 349.3109, 324.5917, 348.2940, 343.4069,
        330.5796, 318.6773, 326.1624, 331.3077, 340.0099, 320.2670, 336.1617,
        339.7290, 308.7441, 316.2932, 351.4610, 351.2338, 312.3876, 342.7072,
        350.9218, 350.1616, 347.5325, 327.1400, 338.1154, 330.7271, 316.9385,
        333.7523, 350.9347, 351.7758, 333.3770, 348.4233, 345.0540, 338.0832,
        327.6652, 345.2164, 336.0548, 303.2625, 319.7897, 331.3981, 315.5297,
        341.5314, 334.6164, 318.7325, 330.7249])
tensor([332.0445, 348.8721, 351.2120, 336.1685, 345.2173, 321.3191, 322.5371,
        333.0960, 323.1871, 348.2005, 350.7258, 349.2192, 340.3713, 344.1728,
        328.9839, 343.7128, 354.5898, 353.2213, 339.7097, 353.6249, 343.4069,
        330.5796, 318.6773, 326.1624, 335.7170, 340.0099, 334.0325, 336.1617,
        345.6747, 308.7441, 316.2932, 351.4610, 351.2338, 327.7429, 351.9063,
        355.1123, 350.1616, 346.6638, 337.6294, 338.1154, 339.4188, 316.9385,
        341.5305, 356.9798, 351.7758, 333.3770, 348.4233, 349.9674, 338.0832,
        334.9131, 343.6815, 336.0548, 320.7065, 341.6876, 340.8023, 315.5297,
        341.5314, 334.6164, 318.7325, 336.0350])
tensor([337.7060, 354.9595, 351.2120, 336.1685, 345.1272, 321.3191, 336.4469,
        346.3849, 331.2723, 348.2005, 351.1040, 349.2192, 340.3713, 347.1556,
        328.9839, 343.7128, 360.0565, 353.2213, 349.3392, 353.6249, 343.4069,
        330.5796, 330.7547, 335.6053, 343.0211, 340.0099, 347.4820, 336.1617,
        348.6581, 308.7441, 316.2932, 355.9489, 356.4707, 327.7429, 357.5840,
        354.3880, 352.9998, 346.6638, 337.6294, 338.1154, 339.4188, 316.9385,
        353.3409, 357.2930, 351.7758, 332.1882, 351.0247, 355.5468, 346.5030,
        334.9131, 352.0795, 344.8759, 320.7065, 347.0396, 340.8023, 315.5297,
        341.5314, 345.6822, 318.7325, 336.0350])
tensor([347.2447, 354.9595, 351.2120, 336.1685, 345.1272, 321.3191, 336.4469,
        354.0847, 331.2723, 348.2005, 351.1040, 349.2192, 348.4420, 346.5101,
        328.9839, 343.7128, 360.0565, 355.8094, 349.3392, 353.8461, 347.4026,
        346.1063, 344.3227, 335.6053, 347.6664, 344.4320, 347.4820, 349.1674,
        353.1790, 327.4265, 316.2932, 360.3535, 360.3629, 332.6744, 361.8495,
        354.3880, 357.7214, 351.4153, 337.6294, 338.1154, 339.4188, 316.9385,
        353.3409, 356.5806, 351.7758, 339.9258, 351.0247, 355.5468, 348.8116,
        334.1397, 354.9308, 348.0732, 320.7065, 351.3365, 347.8401, 315.5297,
        346.0358, 345.6822, 341.3646, 336.0350])
tensor([350.8957, 358.5031, 351.2120, 336.1685, 353.1211, 321.3191, 336.4469,
        354.0847, 331.2723, 348.2005, 350.6203, 349.2192, 354.1734, 346.5101,
        328.9839, 354.5933, 360.0565, 355.8094, 351.1325, 357.4434, 347.4026,
        355.7224, 344.3227, 347.7823, 358.1425, 352.5964, 356.5162, 357.1534,
        355.4605, 336.1532, 316.2932, 362.9916, 360.3629, 338.1229, 361.8495,
        354.3880, 357.7214, 358.4738, 348.0651, 347.3931, 339.4188, 316.9385,
        352.4348, 356.5806, 355.5703, 346.6350, 350.4219, 357.6720, 348.8116,
        334.1397, 354.9308, 356.8158, 320.7065, 357.6866, 347.8401, 335.7723,
        350.6659, 345.6822, 341.3646, 336.0350])
tensor([358.3228, 358.5031, 359.0412, 336.1685, 360.2452, 321.3191, 336.6121,
        354.0847, 331.2723, 352.8035, 353.2649, 349.9362, 354.1734, 346.5101,
        328.9839, 354.5933, 363.5222, 356.9809, 351.1325, 359.9657, 347.4026,
        355.7224, 346.5943, 355.9843, 358.1425, 355.8575, 359.6795, 357.1534,
        355.4605, 341.5738, 316.2932, 363.4025, 362.9584, 338.1229, 362.1230,
        354.3880, 357.7214, 358.4738, 356.6436, 355.9008, 350.7567, 316.9385,
        352.4348, 357.5200, 355.5703, 353.2918, 350.4219, 357.6720, 348.8116,
        340.5845, 359.9304, 358.0733, 320.7065, 360.7964, 347.8401, 335.7723,
        358.9299, 345.6822, 357.4157, 342.8626])
tensor([358.3228, 360.4211, 359.0412, 336.1685, 361.7177, 340.0589, 336.6121,
        354.0847, 331.2723, 352.8035, 356.3716, 349.9362, 354.1734, 356.8588,
        328.9839, 359.6288, 366.7375, 363.8888, 351.1325, 365.2420, 347.4026,
        357.9309, 351.0286, 361.4809, 358.1425, 357.7780, 359.6795, 360.7373,
        357.6248, 345.9972, 316.2932, 363.4025, 366.4038, 343.6839, 365.0360,
        354.3880, 357.7214, 359.9562, 358.7731, 355.9008, 354.7170, 316.9385,
        361.4043, 360.3466, 358.9119, 356.5150, 350.4219, 359.7087, 348.8116,
        340.5845, 359.9304, 360.9112, 320.7065, 360.7964, 347.8401, 345.3396,
        358.9299, 353.7461, 357.4157, 342.8626])
tensor([358.3228, 364.4826, 359.0412, 351.4702, 361.7177, 340.0589, 336.6121,
        354.0847, 331.2723, 352.8035, 358.6007, 353.1854, 354.1734, 356.8588,
        353.1258, 361.1020, 368.9265, 366.2811, 351.1325, 366.3590, 359.9486,
        361.4911, 356.0353, 361.4809, 358.1425, 359.9488, 359.6795, 362.1233,
        357.6248, 352.5417, 340.7524, 363.4025, 366.4038, 343.6839, 365.0360,
        357.5817, 357.7214, 359.9562, 358.7731, 361.0461, 359.1560, 346.2437,
        361.4043, 364.6086, 358.9119, 360.6101, 353.7342, 363.9909, 358.0568,
        340.5845, 359.9304, 362.8220, 344.0695, 361.3621, 347.8401, 345.3396,
        358.9299, 353.7461, 357.7975, 350.5887])
tensor([358.3228, 364.4826, 365.8354, 351.4702, 360.6117, 340.0589, 336.6121,
        357.0079, 352.8534, 363.7228, 362.9616, 353.1854, 360.3620, 362.2999,
        353.1258, 363.5385, 369.2123, 367.6140, 351.1325, 366.3265, 359.9486,
        361.4911, 356.0353, 360.1379, 358.1425, 364.0374, 359.6795, 362.1233,
        362.4709, 359.7936, 340.7524, 363.4025, 366.4038, 350.1613, 365.0360,
        357.5817, 357.4520, 362.7552, 361.1411, 361.0461, 362.0441, 346.2437,
        361.4043, 364.6086, 358.9119, 360.6101, 361.5192, 363.9909, 360.3925,
        347.2539, 364.1319, 363.7463, 352.6293, 364.2217, 347.8401, 345.3396,
        358.9299, 359.6203, 361.6777, 350.5887])
tensor([358.3228, 363.9878, 369.1580, 358.3496, 360.6117, 340.0589, 340.8113,
        358.9631, 352.8534, 363.7228, 362.9616, 361.8596, 363.5725, 363.0773,
        357.0867, 363.5385, 369.2123, 369.1068, 351.1325, 366.3265, 364.6979,
        364.2210, 356.0353, 360.1379, 358.1425, 365.4236, 359.6795, 362.1233,
        365.7798, 359.7936, 340.7524, 361.0341, 366.4038, 354.7262, 365.0360,
        360.5968, 357.4520, 362.7552, 362.5962, 360.8082, 362.0441, 353.5118,
        361.4043, 362.4900, 361.6608, 360.6101, 361.5192, 363.9909, 363.7915,
        347.2539, 364.1319, 363.7463, 359.3273, 365.1605, 360.4865, 348.7800,
        358.9299, 363.0336, 363.5599, 351.5557])
tensor([361.8440, 363.9878, 370.5157, 358.3496, 360.6117, 345.9142, 340.8113,
        360.2798, 352.8534, 363.7228, 364.0282, 361.8596, 364.9829, 366.1210,
        359.0552, 364.6911, 369.8002, 369.1068, 362.8457, 366.3265, 367.9024,
        366.6538, 356.0353, 360.1379, 363.9373, 368.6159, 359.6795, 362.1233,
        367.1651, 366.3402, 345.4450, 361.9079, 366.4038, 354.7262, 365.0360,
        362.1760, 357.4520, 366.4130, 363.0931, 360.8082, 362.9471, 353.5118,
        361.4043, 362.4900, 361.6608, 364.3864, 361.5192, 363.9909, 365.0556,
        346.8450, 365.1084, 366.8505, 362.5576, 365.1605, 364.1453, 348.7800,
        358.9299, 363.0336, 363.5599, 351.5557])
tensor([364.9057, 365.6365, 371.1503, 360.8520, 360.6117, 352.4940, 340.8113,
        361.8465, 357.6735, 363.7961, 364.0282, 361.8596, 364.9829, 367.4406,
        359.0552, 364.6911, 370.6703, 367.4269, 362.8457, 370.4772, 367.9024,
        366.6538, 356.0353, 360.1379, 365.1135, 368.6159, 359.6795, 362.1233,
        367.1651, 368.4326, 345.4450, 361.9079, 366.4038, 361.4757, 368.4052,
        362.1760, 363.1031, 366.4130, 364.6492, 360.8082, 362.9471, 361.6991,
        364.9179, 364.7333, 361.6608, 364.3864, 361.5192, 363.6534, 367.0819,
        346.8450, 367.1466, 369.2280, 365.4543, 365.1605, 364.1453, 352.4857,
        365.2733, 365.1173, 365.5436, 351.5557])
tensor([364.9057, 368.7393, 371.1503, 362.1111, 360.6117, 356.6641, 340.8113,
        361.8465, 361.3430, 363.7961, 364.0282, 360.7763, 365.2495, 367.4406,
        359.0552, 366.6219, 371.0334, 369.9087, 362.8457, 370.4772, 367.9024,
        367.9839, 361.0631, 360.1379, 367.7599, 368.6159, 359.6795, 362.7599,
        367.7887, 368.4326, 345.4450, 363.9294, 366.4038, 365.4021, 368.4052,
        365.7185, 363.1031, 368.4394, 366.6982, 360.8082, 365.5150, 365.6013,
        367.3026, 365.4937, 364.7343, 365.5345, 361.5192, 366.7748, 367.0819,
        354.4127, 367.1466, 369.2280, 366.6813, 365.1605, 364.1453, 358.6230,
        365.2733, 365.1173, 368.2510, 351.5557])
tensor([364.9057, 368.7393, 370.9499, 363.1104, 363.7107, 357.8220, 356.3283,
        361.8465, 361.3430, 366.7582, 364.8623, 363.8192, 366.3701, 366.6249,
        359.0552, 366.6219, 371.2152, 369.5658, 362.8457, 370.4772, 367.9024,
        367.9839, 361.0631, 365.6769, 367.7599, 368.6159, 361.1486, 366.3427,
        367.7887, 368.4326, 356.3547, 363.9294, 363.6382, 365.4021, 369.1421,
        367.2159, 363.1031, 368.4394, 366.6982, 363.3416, 365.5150, 369.3779,
        368.8875, 368.4087, 364.7343, 364.3835, 363.5985, 369.8719, 367.0819,
        354.4127, 367.1466, 369.2280, 367.9306, 365.1605, 365.2945, 358.6230,
        365.7370, 365.1173, 369.5615, 351.5557])
tensor([364.9057, 370.6539, 371.6734, 364.8691, 363.7107, 363.9939, 356.3283,
        362.4839, 365.2243, 366.7582, 364.8623, 363.8192, 366.3701, 366.6249,
        359.0552, 366.6219, 371.8444, 371.1754, 362.8457, 371.3676, 365.9012,
        367.9839, 361.0631, 365.6769, 369.2279, 366.6609, 361.1486, 368.4937,
        367.4501, 368.4326, 356.3547, 363.9294, 363.6382, 368.9725, 370.4086,
        367.2159, 366.7797, 368.4394, 368.7896, 363.3416, 365.5150, 369.3779,
        370.2370, 369.3196, 368.2597, 365.6178, 363.5985, 370.5100, 365.4633,
        354.4127, 367.1466, 369.2280, 367.9306, 367.5692, 366.3707, 358.8442,
        370.1502, 365.1173, 370.0077, 358.9510])
tensor([364.9057, 371.6426, 371.6734, 364.8691, 363.7107, 363.9939, 363.1807,
        362.4839, 366.5326, 366.7582, 368.5312, 363.8192, 369.3928, 366.4606,
        359.0552, 364.2613, 371.8444, 371.1754, 365.3954, 372.0763, 365.9012,
        366.9901, 361.0631, 365.6044, 369.2279, 369.5975, 361.1486, 369.9738,
        368.2459, 368.4326, 359.4032, 363.9294, 365.0227, 369.6250, 371.7928,
        368.7171, 366.7797, 367.6900, 368.7896, 363.3416, 366.4165, 370.0372,
        370.2370, 370.0638, 368.2597, 365.6178, 367.4814, 370.5100, 366.2407,
        354.4127, 364.5297, 369.2280, 367.5398, 369.7884, 366.3707, 364.0947,
        370.1502, 364.9966, 370.0077, 358.9510])
tensor([367.3984, 371.6426, 372.0049, 364.8691, 366.7997, 363.9939, 365.5057,
        363.4433, 368.3676, 367.8785, 368.5312, 363.8192, 369.3928, 366.4606,
        361.4889, 364.2613, 371.8444, 369.9557, 365.3954, 372.2553, 369.7724,
        366.9901, 366.9549, 365.6044, 369.2279, 369.5975, 364.3286, 369.9738,
        368.2459, 368.4326, 359.4032, 363.9294, 366.4276, 370.3055, 371.4892,
        368.7171, 368.4357, 369.6031, 368.7896, 363.3416, 369.0925, 371.0524,
        370.2370, 370.0638, 369.7910, 365.6178, 367.4814, 371.1306, 368.2527,
        360.6863, 368.0682, 369.2280, 367.8558, 369.7884, 366.3707, 366.8323,
        369.6100, 364.9966, 370.6316, 366.1426])
tensor([367.3984, 371.4592, 372.0049, 367.5526, 368.7499, 367.8355, 365.5057,
        363.4433, 369.9749, 367.8785, 369.7649, 363.8192, 369.3928, 366.4606,
        361.4889, 368.8967, 371.6776, 371.5344, 365.3954, 372.7510, 369.7724,
        368.1662, 366.9549, 368.3871, 370.7475, 371.0338, 364.3286, 369.9738,
        368.2459, 367.9430, 363.5716, 368.2230, 368.1967, 370.8394, 371.5524,
        368.7171, 368.9823, 370.6410, 368.7896, 363.3416, 369.5227, 371.6174,
        370.2370, 370.0638, 369.7910, 368.4016, 367.4814, 371.3414, 368.2527,
        360.6863, 369.8523, 369.2280, 368.0175, 369.7884, 366.3707, 366.8323,
        369.9938, 367.3649, 370.6316, 366.1426])
tensor([367.3984, 371.8607, 372.0049, 370.0526, 369.7861, 368.5557, 368.1051,
        367.8740, 370.0981, 367.8785, 369.7649, 364.6993, 369.3928, 367.6041,
        365.2968, 368.8967, 372.1550, 371.2431, 367.5004, 372.7510, 369.7724,
        368.1662, 366.9549, 368.3871, 370.7475, 371.0338, 369.1329, 369.5933,
        368.2459, 367.9430, 363.5716, 368.2230, 370.3303, 371.0138, 371.6353,
        368.7171, 369.4899, 370.6410, 368.7896, 367.6363, 369.5337, 371.6174,
        369.6027, 369.6158, 369.7910, 368.4016, 366.7535, 372.0449, 368.2527,
        365.4597, 369.8523, 369.2280, 368.0175, 369.0566, 366.3707, 366.8323,
        370.4303, 367.3649, 371.4359, 369.4120])
tensor([367.5136, 371.8607, 372.0049, 370.0526, 370.1585, 368.5557, 368.1051,
        367.8740, 370.0981, 367.8785, 369.7649, 364.6993, 371.0378, 367.6041,
        367.0511, 369.5777, 372.4822, 371.2431, 368.7806, 372.7510, 369.7724,
        368.1662, 366.9549, 368.1337, 370.9160, 371.0338, 371.2842, 371.2191,
        370.2580, 367.9430, 367.3611, 370.2679, 370.8613, 371.0138, 372.0234,
        368.7171, 369.4899, 369.9476, 368.8125, 367.6363, 370.5023, 371.6174,
        370.9886, 369.5754, 369.7910, 369.7236, 366.7535, 372.0449, 368.2527,
        366.9972, 369.8523, 365.2919, 368.0175, 369.0566, 364.4865, 370.2661,
        371.5710, 368.3037, 371.5934, 370.3878])
tensor([370.0514, 371.8607, 371.9557, 370.0526, 370.1585, 368.5557, 368.1051,
        370.2582, 370.0981, 367.8785, 369.7649, 364.6993, 371.5555, 367.6041,
        367.0511, 369.5777, 372.4822, 371.2431, 370.9226, 372.4192, 369.1212,
        368.1662, 369.2349, 368.1337, 370.9160, 371.0338, 371.6203, 371.9904,
        370.2580, 368.0749, 367.3611, 370.2679, 371.9490, 370.8488, 372.6831,
        369.6290, 369.6591, 370.6832, 368.8125, 370.1046, 372.1092, 371.1027,
        371.9630, 369.5754, 369.4744, 369.7236, 370.6611, 372.5850, 368.2527,
        369.2900, 369.7144, 365.2919, 368.0175, 369.0566, 364.4865, 371.3743,
        372.2773, 369.9848, 371.5934, 371.3098])
