tensor([37.2403, 37.0871,  0.0000,  0.0000, 35.5139,  0.0000, 35.1024, 37.4533,
        36.1507,  0.0000,  0.0000,  0.0000,  0.0000, 37.0403, 38.0910,  0.0000,
        35.8937, 38.1120,  0.0000,  0.0000, 37.3967,  0.0000,  0.0000,  0.0000,
        35.6318,  0.0000,  0.0000, 35.7941, 36.2991,  0.0000, 35.5466, 37.2865,
        35.1596,  0.0000,  0.0000,  0.0000, 35.9724,  0.0000, 37.2327, 36.0549,
         0.0000, 37.9692, 36.0559,  0.0000, 36.8058,  0.0000, 34.8447,  0.0000,
        38.1935, 35.6870,  0.0000, 35.8722,  0.0000,  0.0000, 35.3544, 35.4653,
        36.3290,  0.0000,  0.0000,  0.0000])
tensor([53.1800, 53.3387,  0.0000,  0.0000, 35.5139,  0.0000, 63.1207, 51.7293,
        36.1507,  0.0000,  0.0000, 63.1524,  0.0000, 53.0602, 55.2445,  0.0000,
        35.8937, 38.1120, 52.9532,  0.0000, 37.3967, 62.5422, 63.9767,  0.0000,
        61.3261,  0.0000, 52.8116, 64.7189, 63.9694, 63.7613, 35.5466, 51.7303,
        35.1596, 63.1115, 52.5778, 62.5109, 35.9724,  0.0000, 37.2327, 63.6171,
         0.0000, 52.3546, 64.0889, 64.3047, 53.0365, 51.9243, 62.2415, 52.8091,
        51.8212, 35.6870, 52.9024, 35.8722,  0.0000,  0.0000, 35.3544, 35.4653,
        63.5896,  0.0000,  0.0000,  0.0000])
tensor([53.1800, 53.3387, 88.9794,  0.0000, 35.5139, 73.4589, 70.5227, 51.7293,
        36.1507,  0.0000, 70.1140, 73.6192, 88.1231, 53.0602, 55.2445, 71.3900,
        71.9751, 38.1120, 88.4531, 88.0481, 37.3967, 62.5422, 63.9767, 88.4194,
        61.3261, 81.4266, 88.1307, 71.0480, 71.0149, 63.7613, 70.2671, 85.5748,
        70.6901, 63.1115, 52.5778, 73.2476, 35.9724, 90.0243, 84.7551, 63.6171,
         0.0000, 52.3546, 73.9102, 64.3047, 53.0365, 89.4974, 72.4740, 88.1200,
        51.8212, 70.8772, 52.9024, 35.8722,  0.0000, 86.1215, 35.3544, 69.7545,
        63.5896, 86.8195,  0.0000, 86.3921])
tensor([ 76.9534,  78.0025,  79.9228,   0.0000,  35.5139,  73.4589,  70.5227,
         51.7293,  36.1507,   0.0000, 114.8174,  73.6192,  79.2675,  53.0602,
         81.0191,  71.3900,  71.9751,  38.1120,  88.4531,  81.6984,  37.3967,
         62.5422, 115.7853,  77.9291,  61.3261,  76.5928,  88.1307,  71.0480,
         71.0149, 117.6273, 114.1130,  77.8689, 116.4620, 117.2812,  79.5565,
        120.4784,  35.9724,  80.2669,  84.7551, 119.3168,   0.0000,  77.1497,
        123.3300,  64.3047,  79.9851,  79.6590, 123.0030,  88.1200,  76.1139,
         70.8772,  76.4562,  35.8722,   0.0000,  78.1816,  35.3544, 118.2851,
        120.4241,  86.8195,  76.0824,  86.3921])
tensor([176.9935,  78.0025,  79.9228,  52.7271,  35.5139,  73.4589,  70.5227,
         51.7293,  53.3602,   0.0000, 114.8174,  73.6192, 182.3900, 170.2574,
        182.3537,  71.3900,  71.9751, 161.4566,  88.4531,  81.6984,  37.3967,
         55.8896,  54.8084, 177.6414,  57.0475,  76.5928, 175.8468,  52.1033,
         71.0149, 117.6273,  55.7134, 174.7649,  57.6352,  53.6872,  79.5565,
         56.7557,  53.0891, 182.9447, 162.4935, 119.3168, 171.6919,  77.1497,
         58.4047,  64.3047,  79.9851,  79.6590,  54.6971, 173.3256,  76.1139,
         70.8772, 170.7660,  52.1615,  50.3534,  78.1816,  53.0367, 118.2851,
        120.4241, 173.0617,  76.0824,  86.3921])
tensor([ 88.6390,  91.1957,  92.8223,  52.7271, 162.5373, 173.8880,  70.5227,
         85.3984, 165.2860,   0.0000, 172.8641, 167.7773, 182.3900, 170.2574,
         94.1704, 170.3772, 169.8761,  82.7121,  85.6959,  81.6984,  37.3967,
         55.8896, 172.6197, 177.6414,  57.0475,  76.5928, 175.8468,  52.1033,
        160.8429, 117.6273,  55.7134, 174.7649, 171.0581,  53.6872,  79.5565,
        179.3923,  53.0891,  96.7322,  85.9182, 119.3168,  86.6245,  77.1497,
         58.4047, 162.5027,  79.9851,  96.5815,  54.6971, 173.3256,  76.1139,
         70.8772,  95.8613, 174.6677,  50.3534,  90.0760, 165.2707, 168.6657,
        120.4241,  88.0363,  86.6176,  86.3921])
tensor([ 88.6390, 151.5012,  92.8223,  52.7271, 140.4103, 173.8880, 142.1397,
        142.4997, 165.2860,   0.0000, 146.3051, 167.7773, 146.8731, 139.6102,
        162.1652, 170.3772, 150.5629, 141.0748, 151.6511, 135.6558, 132.1655,
        147.7674, 172.6197, 177.6414, 141.5347, 132.6947, 129.9016, 147.0006,
        160.8429, 140.4711, 138.5627, 141.3776, 151.7683, 148.3062, 146.6959,
        179.3923,  53.0891,  96.7322,  85.9182, 119.3168, 152.9897, 132.0961,
        149.4049, 162.5027, 137.6836, 158.8076, 154.3510, 173.3256,  76.1139,
         70.8772,  95.8613, 174.6677,  50.3534,  90.0760, 165.2707, 168.6657,
        120.4241,  88.0363,  86.6176,  86.3921])
tensor([ 88.6390, 188.7471, 184.9128, 130.2491, 148.8630, 173.8880, 142.1397,
        142.4997, 139.6205,   0.0000, 160.5910, 167.7773, 146.8731, 181.9207,
        203.6902, 170.3772, 150.5629, 141.0748, 151.6511, 185.1609, 178.6181,
        147.7674, 172.6197, 177.6414, 141.5347, 170.6929, 129.9016, 159.8241,
        137.7427, 140.4711, 138.5627, 141.3776, 166.1197, 162.1543, 189.8448,
        179.3923, 141.1401, 189.9629, 171.6787, 119.3168, 199.2937, 176.1852,
        149.4049, 134.7269, 177.0314, 204.9907, 166.8512, 158.1312,  76.1139,
        127.3202, 184.5971, 174.6677, 127.7201,  90.0760, 165.2707, 168.6657,
        139.3361,  88.0363,  86.6176,  86.3921])
tensor([187.4177, 188.7471, 222.3505, 130.2491, 179.2567, 173.8880, 173.1984,
        142.4997, 182.9697,   0.0000, 199.1172, 167.7773, 200.8734, 214.9779,
        203.6902, 170.3772, 175.9714, 141.0748, 151.6511, 210.7864, 178.6181,
        147.7674, 161.3528, 177.6414, 167.3558, 170.6929, 185.8373, 192.0838,
        137.7427, 164.9657, 163.2169, 187.8147, 194.6015, 162.1543, 189.8448,
        161.6029, 181.7789, 222.1471, 193.8892, 147.9001, 199.2937, 176.1852,
        149.4049, 134.7269, 177.0314, 225.9116, 199.8200, 192.4520, 154.9539,
        127.3202, 184.5971, 174.6677, 127.7201, 181.9409, 165.2707, 159.2784,
        139.3361,  88.0363, 172.2229,  86.3921])
tensor([187.4177, 202.5724, 236.4169, 130.2491, 228.0149, 173.8880, 236.5444,
        142.4997, 238.6976,   0.0000, 252.6904, 167.7773, 231.6187, 230.8094,
        203.6902, 178.8804, 175.9714, 178.7438, 199.1517, 210.7864, 202.3603,
        200.1389, 233.4142, 177.6414, 233.8590, 193.5684, 185.8373, 245.6548,
        137.7427, 164.9657, 163.2169, 214.5656, 249.9509, 162.1543, 220.7627,
        225.4262, 240.4776, 237.7442, 193.8892, 207.5144, 199.2937, 176.1852,
        195.4347, 134.7269, 177.0314, 225.9116, 199.8200, 192.4520, 154.9539,
        127.3202, 184.5971, 174.6677, 127.7201, 210.8035, 177.7285, 229.2618,
        139.3361, 156.9425, 195.3089,  86.3921])
tensor([187.4177, 202.5724, 270.5184, 130.2491, 256.0020, 173.8880, 268.6977,
        189.2728, 264.7487, 140.1671, 272.3947, 167.7773, 231.6187, 267.2324,
        203.6902, 236.2376, 246.1859, 224.7539, 251.8914, 210.7864, 251.9799,
        246.8607, 233.4142, 166.1113, 258.9221, 193.5684, 226.7531, 245.6548,
        137.7427, 164.9657, 163.2169, 269.4720, 274.9109, 162.1543, 275.6323,
        258.7514, 240.4776, 281.2737, 219.6834, 207.5144, 199.2937, 176.1852,
        195.4347, 134.7269, 177.0314, 225.9116, 199.8200, 225.5283, 191.5222,
        127.3202, 184.5971, 188.5870, 189.2061, 210.8035, 177.7285, 229.2618,
        193.1642, 156.9425, 251.5266, 143.7845])
tensor([247.5999, 202.5724, 298.7051, 130.2491, 270.4710, 163.2997, 291.6916,
        258.8911, 278.5620, 140.1671, 272.3947, 167.7773, 231.6187, 267.2324,
        269.9505, 236.2376, 246.1859, 266.1983, 286.1985, 210.7864, 251.9799,
        280.8067, 233.4142, 253.2239, 273.9786, 193.5684, 272.6772, 245.6548,
        137.7427, 224.4354, 163.2169, 269.4720, 294.0711, 162.1543, 312.3606,
        285.8813, 265.8429, 313.9509, 219.6834, 232.2194, 199.2937, 228.3959,
        195.4347, 134.7269, 231.8595, 225.9116, 262.2780, 265.5815, 250.0817,
        127.3202, 250.0405, 252.7350, 189.2061, 210.8035, 229.6225, 229.2618,
        193.1642, 236.3255, 251.5266, 143.7845])
tensor([283.0895, 274.9839, 318.0616, 130.2491, 270.4710, 163.2997, 317.5455,
        282.7445, 278.5620, 140.1671, 287.5258, 167.7773, 283.1214, 294.9002,
        269.9505, 275.5024, 278.8636, 266.1983, 301.3712, 210.7864, 288.7798,
        280.8067, 233.4142, 253.2239, 295.7237, 193.5684, 292.6979, 288.4613,
        214.8926, 224.4354, 246.5065, 269.4720, 294.0711, 162.1543, 326.2184,
        312.1224, 290.2119, 327.4610, 219.6834, 232.2194, 199.2937, 228.3959,
        195.4347, 225.8315, 279.4292, 225.9116, 262.2780, 265.5815, 284.6380,
        127.3202, 283.8598, 289.2798, 189.2061, 210.8035, 229.6225, 274.3451,
        235.5342, 268.0219, 283.5002, 143.7845])
tensor([283.0895, 274.9839, 325.8839, 130.2491, 301.1187, 163.2997, 317.5455,
        300.0190, 278.5620, 140.1671, 287.5258, 180.5754, 298.5025, 313.6881,
        269.9505, 299.8272, 300.9687, 266.1983, 313.0445, 279.7478, 308.1224,
        280.8067, 281.6382, 290.7442, 295.7237, 277.1777, 292.6979, 288.4613,
        268.4068, 268.7632, 302.9804, 269.4720, 294.0711, 162.1543, 339.0728,
        312.1224, 290.2119, 327.4610, 288.0151, 273.4161, 199.2937, 289.3216,
        195.4347, 289.5275, 298.6377, 225.9116, 299.7212, 265.5815, 284.6380,
        127.3202, 308.4225, 289.2798, 241.5804, 278.1974, 229.6225, 310.6981,
        268.9427, 268.0219, 283.5002, 248.5798])
tensor([283.0895, 295.5454, 326.9715, 130.2491, 301.1187, 250.9148, 321.5239,
        300.0190, 278.5620, 140.1671, 287.5258, 271.1729, 298.5025, 313.6881,
        318.4563, 318.4884, 300.9687, 276.8498, 313.0445, 301.9998, 313.5429,
        315.9651, 281.6382, 290.7442, 321.9645, 296.9998, 292.6979, 288.4613,
        301.7619, 268.7632, 302.9804, 269.4720, 294.0711, 162.1543, 339.5204,
        319.8005, 313.8033, 337.0514, 288.0151, 273.4161, 273.8092, 304.8767,
        195.4347, 289.5275, 298.6377, 287.4788, 321.0279, 299.5250, 300.2025,
        208.0055, 322.0043, 289.2798, 271.7593, 293.3031, 294.3307, 310.6981,
        268.9427, 287.8833, 283.5002, 248.5798])
tensor([313.9358, 307.9890, 326.9715, 130.2491, 316.0980, 250.9148, 326.5580,
        300.0190, 278.5620, 256.3471, 287.5258, 292.0854, 298.5025, 313.6881,
        318.4563, 318.4884, 300.9687, 295.4390, 325.8086, 316.3097, 321.4064,
        315.9651, 310.1687, 290.7442, 321.9645, 296.9998, 292.6979, 288.4613,
        301.7619, 268.7632, 319.1114, 305.8885, 320.8799, 162.1543, 339.5204,
        330.3193, 313.8033, 347.8412, 288.0151, 308.7873, 312.6684, 325.0783,
        254.2435, 304.6903, 314.4650, 315.6832, 333.8556, 299.5250, 320.4536,
        208.0055, 330.6895, 289.2798, 296.4939, 293.3031, 311.5038, 323.9489,
        293.4619, 287.8833, 283.5002, 248.5798])
tensor([333.6550, 307.9890, 340.4014, 213.4272, 328.6973, 250.9148, 326.5580,
        300.0190, 278.5620, 306.6435, 300.0022, 313.3295, 322.5892, 333.5153,
        318.4563, 333.0155, 322.8743, 295.4390, 325.8086, 327.0892, 336.7769,
        315.9651, 310.1687, 290.7442, 321.9645, 296.9998, 292.6979, 311.0424,
        319.5461, 292.2126, 319.1114, 305.8885, 320.8799, 162.1543, 349.6953,
        336.4291, 326.5646, 347.8412, 308.5077, 319.9593, 312.6684, 325.0783,
        254.2435, 315.9184, 324.1792, 315.6832, 337.9430, 320.3828, 320.4536,
        293.9552, 335.7425, 289.2798, 296.4939, 293.3031, 311.5038, 323.9489,
        313.2291, 298.2068, 312.7461, 248.5798])
tensor([344.5969, 316.4086, 340.4014, 296.6967, 328.6973, 290.8416, 326.5580,
        300.0190, 322.8156, 306.6435, 313.4310, 328.1385, 322.5892, 333.5153,
        341.5069, 333.0155, 331.6422, 321.4599, 325.8086, 327.0892, 336.7769,
        338.5608, 329.1100, 290.7442, 321.9645, 317.4070, 324.9127, 311.0424,
        319.5461, 292.2126, 319.1114, 312.3087, 320.8799, 162.1543, 351.1990,
        336.4291, 332.3274, 351.4856, 319.4634, 319.9593, 312.6684, 336.9164,
        291.2770, 315.9184, 337.4411, 329.9218, 337.9430, 334.7615, 320.4536,
        293.9552, 345.9714, 289.2798, 296.4939, 311.9398, 332.5982, 333.3033,
        328.1378, 298.2068, 312.7461, 293.3957])
tensor([344.5969, 316.4086, 340.4014, 313.2241, 337.1198, 290.8416, 326.5580,
        300.0190, 322.8156, 323.2663, 320.4170, 328.1385, 322.5892, 343.6479,
        342.9507, 338.1520, 331.6422, 326.0990, 325.8086, 333.9861, 347.1326,
        340.6851, 329.1100, 318.4780, 321.9645, 317.4070, 331.2455, 311.0424,
        328.8775, 292.2126, 322.8034, 330.6900, 331.8811, 258.0368, 351.1990,
        340.7393, 339.8579, 351.4856, 319.4634, 328.3752, 324.7027, 339.5031,
        291.2770, 330.4990, 337.4411, 335.8958, 342.0385, 334.7615, 320.4536,
        293.9552, 345.9714, 318.3477, 296.4939, 311.9398, 335.3117, 333.3033,
        328.1378, 310.7922, 323.5242, 293.3957])
tensor([344.5969, 316.4086, 340.4014, 326.0919, 337.1198, 311.0173, 326.5580,
        318.7199, 322.8156, 335.7915, 335.6693, 334.2951, 322.5892, 346.7043,
        342.9507, 338.1520, 339.9399, 337.1109, 325.8086, 348.6826, 347.1326,
        340.6851, 337.3776, 328.8041, 335.1808, 330.1065, 331.2455, 328.5236,
        328.8775, 327.4655, 322.8034, 336.7039, 340.1231, 258.0368, 351.1990,
        350.4398, 345.9006, 351.4856, 323.5730, 328.3752, 324.7027, 339.5031,
        291.2770, 337.8492, 340.9734, 335.8958, 342.0385, 338.5433, 320.4536,
        309.7789, 345.9714, 318.3477, 312.5657, 333.4883, 347.7766, 333.3033,
        328.1378, 317.7525, 323.5242, 313.0450])
tensor([344.5969, 316.4086, 343.9410, 326.0919, 337.1198, 316.8034, 341.9589,
        335.9660, 338.1863, 335.7915, 339.2127, 334.2951, 322.5892, 350.8855,
        342.9507, 342.5572, 349.1371, 343.9851, 325.8086, 348.6826, 346.2529,
        340.6851, 337.3776, 328.8041, 338.8710, 336.7127, 331.2455, 336.0608,
        336.2260, 327.4655, 322.8034, 346.5802, 343.4469, 324.2516, 351.1990,
        350.4398, 345.9006, 351.4856, 323.5730, 335.1395, 333.4681, 339.5031,
        314.6274, 341.5390, 348.9116, 335.8958, 346.9391, 346.3930, 333.4781,
        328.5073, 345.9714, 333.9362, 312.5657, 333.4883, 347.7766, 333.3033,
        336.0783, 317.7525, 323.5242, 330.2385])
tensor([347.3486, 330.5188, 343.9410, 326.0919, 337.1198, 316.8034, 341.9589,
        343.0611, 338.1863, 345.3108, 339.2127, 338.0462, 332.4569, 354.4068,
        342.9507, 347.8880, 350.0165, 348.1275, 343.6484, 349.1693, 346.2529,
        340.6851, 337.3776, 328.8041, 344.2640, 336.7127, 345.9329, 336.0608,
        346.6276, 327.4655, 322.8034, 346.5802, 343.4469, 340.0395, 350.1342,
        344.9154, 345.9006, 350.0174, 342.7960, 335.1395, 341.9402, 339.5031,
        329.9116, 349.0231, 348.9116, 335.8958, 346.9391, 354.1854, 333.4781,
        330.7656, 351.8988, 333.9362, 329.4292, 346.2406, 341.7990, 333.3033,
        336.0783, 317.7525, 323.5242, 338.0270])
tensor([349.7634, 337.6526, 343.9410, 326.0919, 344.4416, 316.8034, 349.1077,
        353.1089, 350.8110, 345.3108, 347.4254, 338.0462, 332.4569, 358.6263,
        342.9507, 347.8880, 353.3406, 348.1275, 352.6311, 349.1693, 346.2529,
        340.6851, 349.7901, 339.0589, 348.9309, 336.7127, 355.6987, 336.0608,
        349.7269, 327.4655, 322.8034, 351.8088, 349.7445, 340.0395, 357.6778,
        348.6262, 341.4939, 350.0174, 342.7960, 335.1395, 341.9402, 339.5031,
        336.7583, 352.9691, 348.9116, 340.1219, 353.5306, 355.8011, 339.2213,
        330.7656, 357.3272, 343.6783, 329.4292, 349.4382, 341.7990, 333.3033,
        336.0783, 339.2888, 323.5242, 338.0270])
tensor([352.2692, 337.6526, 343.9410, 326.0919, 344.4416, 316.8034, 349.1077,
        356.7252, 350.8110, 345.3108, 347.4254, 338.0462, 341.6788, 362.7547,
        342.9507, 347.8880, 353.3406, 350.2197, 352.6311, 359.0490, 352.9883,
        351.2769, 356.4291, 339.0589, 352.3066, 336.7059, 355.6987, 350.4163,
        353.4871, 330.7619, 322.8034, 359.2972, 357.4248, 346.3329, 359.7967,
        348.6262, 348.2916, 359.2527, 342.7960, 335.1395, 341.9402, 339.5031,
        336.7583, 358.7278, 348.9116, 345.0328, 353.5306, 355.8011, 345.0666,
        338.7699, 362.4546, 351.8232, 329.4292, 356.9591, 347.5921, 333.3033,
        338.4257, 339.2888, 334.9126, 338.0270])
tensor([359.7487, 349.7587, 343.9410, 326.0919, 354.0455, 316.8034, 349.1077,
        356.7252, 350.8110, 345.3108, 352.3232, 338.0462, 351.4732, 362.7547,
        342.9507, 350.7144, 353.3406, 350.2197, 353.6593, 360.6523, 352.9883,
        356.5050, 356.4291, 349.9354, 355.9543, 348.2219, 358.8307, 359.5661,
        357.5566, 339.7260, 322.8034, 364.0609, 357.4248, 350.1508, 359.7967,
        348.6262, 348.2916, 363.1449, 356.7752, 353.9124, 341.9402, 339.5031,
        339.7162, 358.7278, 352.6175, 354.3455, 354.2808, 353.1493, 345.0666,
        338.7699, 362.4546, 360.6399, 329.4292, 362.3484, 347.5921, 349.5699,
        344.5924, 339.2888, 334.9126, 338.0270])
tensor([361.1809, 349.7587, 338.3603, 326.0919, 357.7524, 316.8034, 357.8602,
        356.7252, 350.8110, 346.3224, 358.2341, 346.8925, 351.4732, 362.7547,
        342.9507, 350.7144, 357.8870, 346.5094, 353.6593, 364.1977, 352.9883,
        356.5050, 356.8069, 356.9378, 355.9543, 352.4612, 363.1654, 359.5661,
        357.5566, 344.6531, 322.8034, 364.8518, 359.8855, 350.1508, 362.3639,
        348.6262, 348.2916, 363.1449, 357.3449, 359.9055, 351.9364, 339.5031,
        339.7162, 359.6846, 352.6175, 358.2853, 354.2808, 353.1493, 345.0666,
        343.7513, 358.4111, 363.5414, 329.4292, 364.0984, 347.5921, 349.5699,
        348.2204, 339.2888, 349.8980, 336.5688])
tensor([361.1809, 357.2157, 338.3603, 326.0919, 359.8055, 337.1266, 357.8602,
        356.7252, 350.8110, 346.3224, 358.5137, 346.8925, 351.4732, 358.8931,
        342.9507, 356.2640, 362.3383, 354.6459, 353.6593, 366.3551, 352.9883,
        354.5185, 360.7471, 358.2527, 355.9543, 359.3802, 363.1654, 362.6678,
        363.5670, 349.2811, 322.8034, 364.8518, 363.6851, 356.2905, 364.4835,
        348.6262, 348.2916, 362.7643, 358.7104, 359.9055, 356.1582, 339.5031,
        340.4272, 360.2746, 353.5092, 360.4512, 354.2808, 352.9232, 345.0666,
        343.7513, 358.4111, 364.0105, 329.4292, 364.0984, 347.5921, 351.1421,
        348.2204, 339.8154, 349.8980, 336.5688])
tensor([361.1809, 362.5953, 338.3603, 347.1344, 359.8055, 337.1266, 357.8602,
        356.7252, 350.8110, 346.3224, 362.5943, 352.7643, 351.4732, 358.8931,
        345.0363, 358.3266, 365.8929, 357.4071, 353.6593, 367.5330, 359.0219,
        358.0591, 364.6483, 358.2527, 355.9543, 362.9716, 363.1654, 365.4684,
        363.5670, 353.4195, 347.8739, 364.8518, 363.6851, 356.2905, 364.4835,
        356.6078, 348.2916, 362.7643, 358.7104, 363.4388, 359.3344, 347.3141,
        340.4272, 362.0481, 353.5092, 363.1988, 361.1358, 360.0181, 345.6973,
        343.7513, 358.4111, 366.0404, 343.5107, 363.6757, 347.5921, 351.1421,
        348.2204, 339.8154, 360.6911, 346.2568])
tensor([361.1809, 362.5953, 348.7294, 347.1344, 360.0050, 337.1266, 357.8602,
        356.7903, 359.9417, 357.6917, 362.7906, 352.7643, 359.4998, 359.2535,
        345.0363, 362.4141, 369.2537, 359.7309, 353.6593, 367.5667, 359.0219,
        358.0591, 364.6483, 363.4869, 355.9543, 366.6784, 363.1654, 365.4684,
        365.4417, 360.1115, 347.8739, 364.8518, 363.6851, 359.7685, 364.4835,
        356.6078, 352.4877, 364.6638, 359.0974, 363.4388, 361.2209, 347.3141,
        340.4272, 362.0481, 353.5092, 363.1988, 365.0151, 360.0181, 354.3639,
        351.6674, 358.6682, 368.5091, 350.7018, 363.0503, 347.5921, 351.1421,
        348.2204, 349.5829, 364.7815, 346.2568])
tensor([361.1809, 364.1091, 356.2268, 357.9342, 360.0050, 337.1266, 361.4576,
        361.6093, 359.9417, 357.6917, 362.7906, 356.4666, 363.3723, 365.7672,
        354.9759, 362.4141, 369.2537, 363.4398, 353.6593, 367.5667, 357.8519,
        363.0311, 364.6483, 363.4869, 355.9543, 369.2097, 363.1654, 365.4684,
        366.4208, 360.1115, 347.8739, 364.3026, 363.6851, 364.6534, 364.4835,
        361.8992, 352.4877, 364.6638, 363.7535, 365.3863, 361.2209, 358.7431,
        340.4272, 365.2678, 358.8687, 363.1988, 365.0151, 360.0181, 357.6954,
        351.6674, 358.6682, 368.5091, 357.9096, 364.1908, 360.0983, 356.6750,
        348.2204, 354.2487, 367.6774, 353.4704])
tensor([358.8751, 364.1091, 359.7711, 357.9342, 360.0050, 343.0938, 361.4576,
        362.9651, 359.9417, 357.6917, 367.2318, 356.4666, 364.0670, 365.5154,
        357.6747, 364.6105, 369.3772, 363.4398, 356.4957, 367.5667, 358.7845,
        367.0036, 364.6483, 363.4869, 357.7365, 368.3274, 363.1654, 365.4684,
        368.4023, 363.1461, 352.8832, 364.3376, 363.6851, 364.6534, 364.4835,
        366.3892, 352.4877, 363.5069, 364.6165, 365.3863, 357.3133, 358.7431,
        340.4272, 365.2678, 358.8687, 365.0638, 365.0151, 360.0181, 362.0021,
        361.1466, 364.3361, 369.1089, 360.5448, 364.1908, 363.2307, 356.6750,
        348.2204, 354.2487, 367.6774, 353.4704])
tensor([364.4048, 362.0051, 365.0746, 362.1491, 360.0050, 349.1715, 361.4576,
        365.9588, 362.2460, 358.6251, 367.2318, 356.4666, 364.0670, 367.3312,
        357.6747, 364.6105, 369.6696, 361.8533, 356.4957, 364.4039, 358.7845,
        367.0036, 364.6483, 363.4869, 363.5664, 368.3274, 363.1654, 365.4684,
        368.4023, 364.6532, 352.8832, 364.3376, 363.6851, 366.2083, 365.5570,
        366.3892, 359.4537, 363.5069, 367.6233, 365.3863, 357.3133, 364.9663,
        351.2447, 364.9337, 358.8687, 365.0638, 365.0151, 356.8976, 364.5928,
        361.1466, 366.8402, 369.8938, 364.0148, 364.1908, 363.2307, 359.5044,
        357.0222, 357.0900, 367.7241, 353.4704])
tensor([364.4048, 364.3769, 365.0746, 364.7363, 360.0050, 359.0403, 361.4576,
        365.9588, 365.7050, 358.6251, 367.2318, 359.7924, 364.9600, 367.3312,
        357.6747, 364.6704, 369.7770, 366.8612, 356.4957, 364.4039, 358.7845,
        367.2494, 368.5128, 363.4869, 366.2290, 368.3274, 363.1654, 368.6168,
        367.0595, 364.6532, 352.8832, 365.2364, 363.6851, 367.9865, 365.5570,
        366.9083, 359.4537, 366.8066, 369.6259, 365.3863, 361.9676, 368.1293,
        360.5407, 367.9531, 361.8809, 366.0197, 365.0151, 361.8784, 364.5928,
        365.5262, 366.8402, 369.8938, 365.8078, 364.1908, 363.2307, 363.3924,
        357.0222, 357.0900, 369.2206, 353.4704])
tensor([364.4048, 364.3769, 365.6414, 365.1879, 361.0766, 363.3692, 360.7426,
        365.9588, 365.7050, 364.6900, 367.1138, 362.2444, 367.0373, 368.9404,
        357.6747, 364.6704, 370.5653, 368.5861, 356.4957, 364.4039, 358.7845,
        367.2494, 368.5128, 364.7842, 366.2290, 368.3274, 364.1469, 368.3926,
        367.0595, 364.6532, 361.2697, 365.2364, 362.0771, 367.9865, 369.0077,
        368.5868, 359.4537, 366.8066, 369.6259, 366.2463, 361.9676, 369.7654,
        364.6798, 369.2530, 361.8809, 368.1765, 366.6230, 366.2626, 364.5928,
        365.5262, 366.8402, 369.8938, 367.5433, 364.1908, 360.8262, 363.3924,
        360.3063, 357.0900, 369.8085, 353.4704])
tensor([364.4048, 366.5436, 368.3224, 365.6331, 361.0766, 364.3981, 360.7426,
        367.3499, 366.9719, 364.6900, 367.1138, 362.2444, 367.0373, 368.9404,
        357.6747, 364.6704, 369.8730, 370.1080, 356.4957, 368.1360, 364.0980,
        367.2494, 368.5128, 364.7842, 365.3215, 369.9961, 364.1469, 368.8638,
        367.0544, 364.6532, 361.2697, 365.2364, 362.0771, 366.3169, 369.2044,
        368.5868, 361.1505, 366.8066, 369.7782, 366.2463, 361.9676, 369.7654,
        365.7372, 368.6333, 367.6419, 369.9681, 366.6230, 368.0218, 368.8943,
        365.5262, 366.8402, 369.8938, 367.5433, 365.9128, 364.6614, 362.4845,
        363.6689, 357.0900, 370.1387, 357.8965])
tensor([364.4048, 367.7851, 368.3224, 365.6331, 361.0766, 364.3981, 363.7667,
        367.3499, 368.1053, 364.6900, 367.4276, 362.2444, 368.4589, 368.2549,
        357.6747, 364.2159, 369.8730, 370.1080, 361.8766, 368.8073, 364.0980,
        366.1361, 368.5128, 367.3506, 365.3215, 370.3792, 364.1469, 369.5358,
        367.7009, 364.6532, 363.3697, 365.2364, 364.5917, 367.6577, 369.7495,
        367.1852, 361.1505, 367.8388, 369.7782, 366.2463, 362.6243, 370.5105,
        365.7372, 369.7255, 367.6419, 369.9681, 365.4504, 368.0218, 369.4781,
        365.5262, 367.8614, 369.8938, 366.7107, 366.9088, 364.6614, 366.1822,
        363.6689, 361.8767, 370.1387, 357.8965])
tensor([365.9128, 367.7851, 367.5762, 365.6331, 363.3041, 364.3981, 367.1497,
        368.6111, 368.9961, 366.6155, 367.4276, 362.2444, 368.4589, 368.2549,
        366.0013, 364.2159, 369.8730, 370.2915, 361.8766, 369.6522, 365.9963,
        366.1361, 367.4102, 367.3506, 365.3215, 370.3792, 367.2556, 369.5358,
        367.7009, 364.6532, 363.3697, 365.2364, 367.1631, 368.7023, 371.1275,
        367.1852, 365.8251, 369.6879, 369.7782, 366.2463, 367.9750, 371.4180,
        365.7372, 369.7255, 368.3247, 369.9681, 365.4504, 369.0477, 370.7824,
        363.6688, 368.8523, 369.8938, 365.8219, 366.9088, 364.6614, 367.4734,
        362.8052, 361.8767, 370.8663, 363.8128])
tensor([365.9128, 369.4780, 367.5762, 363.9537, 366.0298, 364.7906, 367.1497,
        368.6111, 369.7200, 366.6155, 369.1065, 362.2444, 368.4589, 368.2549,
        366.0013, 366.5864, 369.8311, 371.6997, 361.8766, 371.2691, 365.9963,
        368.3924, 367.4102, 368.9547, 368.2627, 370.7284, 367.2556, 369.5358,
        367.7009, 364.1728, 364.9146, 365.7048, 370.5170, 369.8291, 372.3454,
        367.1852, 368.4418, 371.1724, 369.7782, 366.2463, 369.1207, 371.9287,
        365.7372, 369.7255, 368.3247, 368.1459, 365.4504, 369.6488, 370.7824,
        363.6688, 369.8178, 369.8938, 369.0928, 366.9088, 364.6614, 367.4734,
        365.3571, 365.4752, 370.8663, 363.8128])
tensor([365.9128, 371.4425, 367.5762, 366.4928, 367.9708, 366.2854, 370.4565,
        369.1566, 370.5161, 366.6155, 369.1065, 366.5456, 368.4589, 369.9426,
        368.7217, 366.5864, 370.2141, 372.2933, 368.7294, 371.2691, 365.9963,
        368.3924, 367.4102, 368.9547, 368.2627, 370.7284, 370.2209, 369.8248,
        367.7009, 364.1728, 364.9146, 365.7048, 371.3977, 371.3883, 372.8124,
        367.1852, 369.9477, 371.1724, 369.7782, 365.2431, 369.7562, 371.9287,
        366.3939, 370.9783, 368.3247, 368.1459, 368.7477, 370.0684, 370.7824,
        368.4274, 369.8178, 369.8938, 369.0928, 367.6165, 364.6614, 367.4734,
        366.5794, 365.4752, 372.0311, 366.2990])
tensor([369.3221, 371.4425, 367.5762, 366.4928, 369.0780, 366.2854, 370.4565,
        369.1566, 370.5161, 366.6155, 369.1065, 366.5456, 367.7799, 369.9426,
        369.7188, 369.1266, 370.9156, 372.2933, 370.8196, 371.2691, 365.9963,
        368.3924, 367.4102, 371.4098, 370.3615, 370.7284, 371.3586, 370.4533,
        369.0017, 364.1728, 367.4239, 368.0147, 372.0273, 371.3883, 372.9621,
        367.1852, 369.9477, 372.2030, 370.3411, 365.2431, 370.8679, 371.9287,
        368.6906, 371.9307, 368.3247, 369.4386, 368.7477, 370.0684, 370.7824,
        369.4187, 369.8178, 369.5202, 369.0928, 367.6165, 367.2559, 369.7784,
        368.0457, 368.1569, 372.2007, 368.3205])
tensor([370.2210, 371.4425, 370.6109, 366.4928, 369.0780, 366.2854, 370.4565,
        369.5653, 370.5161, 366.6155, 369.1065, 366.5456, 369.4716, 369.9426,
        369.7188, 369.1266, 370.9156, 372.2933, 371.9672, 372.0515, 369.2463,
        368.3924, 369.8591, 371.4098, 370.3615, 370.7284, 372.0977, 371.4965,
        369.0017, 366.9872, 367.4239, 368.0147, 372.0956, 370.7589, 372.8278,
        368.8806, 370.7025, 372.1078, 370.3411, 368.0110, 371.6155, 371.4588,
        369.1083, 371.9307, 368.6794, 369.4386, 370.7151, 369.7224, 370.7824,
        369.6156, 370.1900, 369.5202, 369.0928, 367.6165, 367.2559, 370.9854,
        368.7877, 370.1285, 372.2007, 369.7712])
tensor([ 0.0000, 37.5767, 37.0997, 37.6907,  0.0000, 37.9338,  0.0000,  0.0000,
         0.0000,  0.0000, 36.1004, 37.7425,  0.0000, 35.9182,  0.0000,  0.0000,
        35.0268, 36.6123,  0.0000, 35.0141,  0.0000,  0.0000,  0.0000, 36.1519,
         0.0000, 35.9531,  0.0000, 36.0318, 35.5391,  0.0000,  0.0000,  0.0000,
        37.2039,  0.0000, 36.9734,  0.0000,  0.0000, 35.8277, 35.6809,  0.0000,
        35.2798,  0.0000, 34.9930,  0.0000, 35.2701, 35.5323,  0.0000, 36.9738,
         0.0000,  0.0000,  0.0000, 36.3004, 35.9285, 37.2886, 36.7496, 38.2593,
        37.3439,  0.0000, 37.0528,  0.0000])
tensor([ 0.0000, 55.6078, 37.0997, 37.6907,  0.0000, 37.9338,  0.0000,  0.0000,
        57.3896,  0.0000, 58.8952, 57.8043,  0.0000, 35.9182, 55.7274, 58.5479,
        35.0268, 36.6123,  0.0000, 35.0141, 57.3374,  0.0000, 58.7777, 60.7349,
        57.7715, 35.9531, 55.4163, 58.5900, 56.9238, 56.6821, 54.3661,  0.0000,
        54.7106, 56.1650, 36.9734, 57.6707,  0.0000, 35.8277, 59.0484,  0.0000,
        58.8405,  0.0000, 57.3268, 55.9451, 59.9317, 35.5323, 56.8333, 36.9738,
        57.6346,  0.0000,  0.0000, 36.3004, 58.8815, 54.8170, 57.1532, 59.0424,
        37.3439,  0.0000, 56.7614,  0.0000])
tensor([ 0.0000, 55.6078, 37.0997, 37.6907,  0.0000, 37.9338,  0.0000,  0.0000,
        57.3896,  0.0000, 83.1420, 57.8043,  0.0000, 35.9182, 79.7118, 82.7979,
        35.0268, 82.7068,  0.0000, 81.4309, 80.7440,  0.0000, 85.9371, 60.7349,
        57.7715, 82.2969, 55.4163, 58.5900, 56.9238, 79.4229, 81.7982, 79.2883,
        82.4012, 82.4857, 36.9734, 78.7672, 79.5113, 35.8277, 59.0484,  0.0000,
        58.8405, 75.6651, 79.4611, 76.2327, 83.5383, 81.4481, 82.6358, 82.4752,
        83.7334, 78.3242, 79.5621, 78.8806, 58.8815, 81.1024, 57.1532, 87.1612,
        83.6687,  0.0000, 56.7614, 78.2633])
tensor([111.2440,  55.6078,  37.0997, 118.7983, 113.5110,  37.9338, 120.3934,
          0.0000,  80.0306,   0.0000,  83.1420,  57.8043,  81.6927,  82.3009,
        117.8424,  82.7979,  35.0268, 124.3533,   0.0000,  82.2445,  80.7440,
         83.7258,  85.9371,  85.7285,  57.7715,  82.2969, 119.8766,  82.4629,
         56.9238,  79.4229,  81.7982,  82.9310, 119.2009, 125.0983,  36.9734,
         82.9489, 117.1912,  81.9797,  59.0484,  82.7846,  58.8405,  84.3262,
         79.4611,  76.2327,  83.5383,  83.4284, 119.6403,  82.4752,  83.7334,
         78.3242, 119.3550,  82.7531,  58.8815, 120.6007,  57.1532,  87.1612,
        120.8569, 115.7683,  56.7614, 115.6573])
tensor([ 98.7026,  99.0595, 101.3922, 105.5156, 100.9571, 104.3378, 120.3934,
        114.1981, 123.9008,   0.0000, 128.9547, 104.1091,  81.6927, 123.6166,
        117.8424, 129.4261, 122.2765, 110.0979, 119.7875,  82.2445,  80.7440,
         83.7258,  85.9371, 132.8023, 124.0464,  82.2969, 119.8766, 125.9754,
         56.9238,  79.4229,  81.7982,  82.9310, 119.2009, 125.0983,  36.9734,
         82.9489, 117.1912,  81.9797,  59.0484,  82.7846, 124.8513,  84.3262,
         79.4611, 124.0207, 124.5385, 126.7769, 119.6403, 100.5957, 103.5853,
        122.0372, 119.3550, 129.8087, 127.8472, 120.6007,  57.1532, 108.5820,
        120.8569, 102.0907, 106.7712, 115.6573])
tensor([ 87.4225,  87.2187,  86.1360, 105.5156, 100.9571,  84.4108,  83.5654,
        150.9161, 123.9008,  84.3729, 128.9547, 104.1091,  81.6927, 123.6166,
         82.8649, 170.6185, 161.9096, 110.0979, 156.3657, 160.6680, 157.6594,
        150.1166,  88.5776, 132.8023, 124.0464, 169.2458, 119.8766, 125.9754,
        150.6209,  79.4229,  84.7525, 163.1599, 119.2009, 125.0983,  36.9734,
        162.4561, 117.1912,  81.9797, 162.4698, 163.8541, 161.1227,  84.3262,
         79.4611, 124.0207, 124.5385, 126.7769, 119.6403,  83.3519, 103.5853,
        122.0372,  87.3919, 129.8087, 127.8472, 120.6007,  86.0803,  87.9975,
         86.8076, 102.0907,  87.1174,  84.4442])
tensor([ 87.4225, 190.4966, 195.0397, 189.9383, 100.9571,  84.4108, 194.3178,
        150.9161,  74.1395, 189.5996,  78.8496, 104.1091,  81.6927, 123.6166,
         82.8649, 170.6185,  79.9417, 110.0979, 156.3657, 160.6680,  76.4061,
         76.2948,  88.5776, 132.8023, 124.0464,  79.6055, 189.9510, 125.9754,
         77.0724, 185.3089,  84.7525,  78.0586, 185.4015, 192.5650, 190.1369,
         78.5262, 117.1912,  77.0345,  78.9597,  76.5608, 161.1227,  74.8618,
         79.4611, 124.0207, 124.5385,  78.5164, 187.7769,  83.3519, 103.5853,
         75.0775, 188.6890, 129.8087, 127.8472, 184.7813,  86.0803, 202.3030,
        198.5660, 102.0907,  87.1174,  84.4442])
tensor([101.1250, 190.4966, 106.4631, 189.9383,  93.1110, 103.2144, 194.3178,
        173.2439,  74.1395, 103.4178, 196.1717, 104.1091,  81.6927, 123.6166,
        100.6581, 196.1595, 184.7199,  97.5806, 156.3657, 160.6680,  76.4061,
         76.2948,  88.5776, 190.9449, 182.6593,  79.6055,  99.9091, 179.4474,
        177.9448, 185.3089,  84.7525,  78.0586,  96.6302,  98.5760, 190.1369,
         78.5262, 117.1912, 188.2572,  78.9597, 187.6674, 182.5327,  74.8618,
         79.4611, 124.0207, 124.5385, 193.3343,  99.3310,  83.3519, 103.5853,
        182.1085, 104.2137, 129.8087, 127.8472, 184.7813, 102.2805, 202.3030,
        105.3524,  96.3732, 106.2218, 100.7108])
tensor([101.1250, 188.1953, 106.4631, 179.7556,  93.1110, 103.2144, 194.8505,
        173.2439,  74.1395, 103.4178, 196.1717, 175.8925,  81.6927, 102.7208,
        186.5529, 196.1595, 184.7199,  97.5806, 156.3657, 109.5210,  76.4061,
         76.2948,  88.5776, 190.9449, 112.2737,  79.6055, 191.2417, 109.8302,
        177.9448, 186.3423, 184.0316,  78.0586, 185.7673, 195.0891, 178.8352,
         78.5262, 117.1912, 188.2572,  78.9597, 187.6674, 117.3371, 106.5939,
        105.4046, 124.0207, 124.5385, 115.7321,  99.3310,  83.3519, 186.5071,
        115.5378, 193.1177, 107.3129, 107.9530, 183.8249, 102.2805, 186.2435,
        199.5700, 186.1103, 200.2498, 181.4652])
tensor([204.4166, 208.1724, 106.4631, 207.8458, 195.4027, 103.2144, 218.1384,
        111.3287,  74.1395, 212.0426, 196.1717, 175.8925, 100.6155, 106.4851,
        186.5529, 196.1595, 184.7199,  97.5806,  98.0780, 120.6670,  76.4061,
         76.2948,  88.5776, 118.8752, 112.2737,  79.6055, 214.4561, 109.8302,
        116.2992, 208.0704, 184.0316, 108.1932, 185.7673, 214.2870, 178.8352,
         78.5262, 117.1912, 188.2572,  78.9597, 110.3381, 117.3371, 106.5939,
        110.7724, 101.9152, 102.6042, 115.7321,  99.3310, 197.3776, 211.0542,
        116.6368, 215.5283, 108.3910, 113.9630, 183.8249, 201.0158, 211.8242,
        199.5700, 186.1103, 200.2498, 205.4586])
tensor([204.4166, 177.8650, 166.1767, 207.8458, 159.9287, 157.4579, 187.0399,
        192.1952, 161.7900, 175.5965, 196.1717, 175.8925, 179.9434, 177.4590,
        162.8940, 196.1595, 170.8378,  97.5806,  98.0780, 120.6670,  76.4061,
        162.8802, 156.6176, 193.2296, 112.2737, 172.2605, 214.4561, 109.8302,
        116.2992, 179.8247, 155.9139, 176.5511, 185.7673, 214.2870, 178.8352,
         78.5262, 141.3217, 188.2572,  78.9597, 110.3381, 117.3371, 166.8632,
        110.7724, 176.6019, 177.2042, 181.0534, 152.3366, 197.3776, 178.1914,
        192.2258, 215.5283, 108.3910, 184.6480, 183.8249, 167.0263, 211.8242,
        199.5700, 186.1103, 200.2498, 178.7821])
tensor([204.4166, 177.8650, 166.1767, 207.8458, 195.6374, 205.9796, 218.3142,
        192.1952, 161.7900, 214.2698, 182.2806, 168.0860, 179.9434, 177.4590,
        209.0697, 196.1595, 195.2558, 161.1571, 174.3070, 120.6670,  76.4061,
        162.8802, 195.5450, 220.1663, 112.2737, 205.0510, 206.7646, 180.1639,
        116.2992, 214.9100, 197.2966, 191.1655, 185.7673, 186.7348, 178.8352,
        166.2960, 141.3217, 188.2572, 169.4328, 110.3381, 117.3371, 166.8632,
        110.7724, 204.4394, 199.6542, 181.0534, 199.6211, 185.9641, 178.1914,
        192.2258, 206.4897, 189.6699, 184.6480, 174.9786, 167.0263, 211.8242,
        199.5700, 184.7608, 200.2498, 223.5518])
tensor([204.4166, 177.8650, 242.1598, 207.8458, 257.6765, 269.0289, 281.5375,
        179.6542, 157.5409, 275.4713, 182.2806, 243.0448, 179.9434, 177.4590,
        269.6031, 158.3594, 198.1908, 161.1571, 174.2756, 120.6670,  76.4061,
        160.7310, 195.5450, 220.1663, 148.3083, 205.0510, 275.2579, 180.2496,
        166.8376, 214.9100, 197.2966, 191.1655, 185.7673, 256.6316, 210.8216,
        166.2960, 141.3217, 188.2572, 169.4328, 110.3381, 117.3371, 169.7777,
        160.1731, 196.7316, 198.9651, 184.7370, 199.6211, 185.9641, 178.1914,
        185.2352, 206.4897, 187.3831, 184.6480, 174.9786, 246.5787, 239.8606,
        217.4837, 253.5643, 200.2498, 223.5518])
tensor([204.4166, 220.2405, 242.1598, 206.5401, 257.6765, 269.0289, 281.5375,
        179.6542, 157.5409, 275.0663, 251.9252, 248.5600, 179.9434, 177.4590,
        269.6031, 262.0994, 284.7705, 213.8345, 174.2756, 120.6670,  76.4061,
        256.1117, 237.0195, 278.7776, 263.7631, 268.6924, 283.5677, 180.2496,
        268.5494, 250.9097, 230.0312, 191.1655, 177.5103, 256.6316, 210.8216,
        166.2960, 205.0860, 188.2572, 245.0378, 110.3381, 117.3371, 278.3763,
        160.1731, 196.7316, 288.1403, 275.8557, 243.7698, 185.9641, 230.7005,
        185.2352, 245.3877, 187.3831, 184.6480, 232.1087, 255.8099, 239.8606,
        217.4837, 257.2951, 200.2498, 256.3147])
tensor([219.9754, 280.8078, 242.1598, 206.5401, 257.6765, 288.5161, 306.2869,
        179.6542, 157.5409, 275.0663, 251.9252, 304.6115, 227.9128, 220.0569,
        287.4454, 262.0994, 284.7705, 213.8345, 174.2756, 120.6670, 174.7689,
        256.1117, 237.0195, 278.7776, 287.5149, 299.9327, 321.0989, 180.2496,
        268.5494, 302.9608, 230.0312, 191.1655, 177.5103, 281.1598, 242.9923,
        224.1153, 205.0860, 188.2572, 287.2310, 211.0753, 194.2902, 278.3763,
        257.4996, 196.7316, 288.1403, 275.8557, 303.6968, 250.4285, 294.1266,
        185.2352, 245.3877, 269.7071, 225.0952, 306.2835, 255.8099, 266.5846,
        217.4837, 304.4148, 207.4912, 301.7576])
tensor([291.8673, 280.8078, 242.1598, 206.5401, 286.4382, 288.5161, 306.2869,
        179.6542, 276.7426, 275.0663, 251.9252, 316.5586, 284.7281, 283.1178,
        287.4454, 262.0994, 302.2919, 290.8504, 174.2756, 120.6670, 174.7689,
        256.1117, 304.6508, 278.7776, 287.5149, 299.9327, 321.0989, 270.8634,
        268.5494, 318.3153, 290.1657, 241.1803, 276.1528, 310.3371, 242.9923,
        285.9308, 294.4700, 198.4584, 309.4251, 287.7408, 266.3140, 278.3763,
        257.4996, 292.8440, 288.1403, 275.8557, 303.6968, 299.1460, 294.1266,
        274.8927, 309.7383, 303.2727, 225.0952, 323.9686, 313.7116, 266.5846,
        251.6818, 304.4148, 275.8965, 301.7576])
tensor([313.8559, 314.0079, 242.1598, 304.4445, 286.4382, 313.1153, 306.2869,
        179.6542, 307.2892, 328.0187, 284.0691, 321.3624, 284.7281, 283.1178,
        287.4454, 262.0994, 314.1873, 319.2904, 266.5405, 120.6670, 174.7689,
        279.7864, 319.7872, 308.5995, 307.8676, 316.0737, 321.0989, 270.8634,
        268.5494, 332.5226, 290.1657, 292.3258, 311.1317, 310.3371, 242.9923,
        310.6942, 294.4700, 286.0214, 315.4866, 315.7896, 290.9719, 278.3763,
        257.4996, 314.2365, 288.1403, 275.8557, 303.6968, 299.1460, 310.2107,
        274.8927, 309.7383, 303.2727, 225.0952, 330.7698, 323.2670, 266.5846,
        251.6818, 319.6532, 275.8965, 317.2033])
tensor([313.8559, 314.0079, 242.1598, 304.4445, 312.0051, 320.3001, 306.2869,
        179.6542, 328.2569, 338.9745, 284.0691, 321.3624, 284.7281, 319.5436,
        287.4454, 262.0994, 325.1709, 319.2904, 266.5405, 231.1072, 278.8670,
        301.6492, 319.7872, 308.5995, 326.5855, 332.0239, 321.0989, 270.8634,
        280.0067, 332.5226, 317.2395, 321.1438, 322.3013, 330.2037, 294.5129,
        310.6942, 316.7587, 319.7453, 315.4866, 315.7896, 307.5972, 310.8432,
        257.4996, 328.5578, 318.0270, 313.8984, 321.5633, 305.2886, 310.2107,
        274.8927, 309.7383, 303.2727, 288.5715, 330.7698, 328.3468, 266.5846,
        251.6818, 319.6532, 303.3236, 323.1982])
tensor([313.8559, 314.0079, 275.8712, 324.5003, 324.7470, 327.8235, 306.2869,
        277.6624, 328.2569, 338.9745, 306.6186, 321.3624, 284.7281, 327.9709,
        319.1094, 262.0994, 325.1709, 330.0797, 305.9021, 303.4406, 307.5288,
        313.4388, 323.5174, 331.5823, 336.0109, 332.0239, 321.0989, 270.8634,
        298.5927, 330.7558, 317.2395, 334.2146, 335.6692, 338.4879, 294.5129,
        327.8911, 316.7587, 334.9161, 315.4866, 315.7896, 321.1360, 310.8432,
        257.4996, 340.1406, 318.0270, 324.9432, 321.5633, 325.5370, 310.2107,
        274.8927, 325.2622, 303.2727, 288.5715, 339.5967, 340.5205, 266.5846,
        251.6818, 319.6532, 303.3236, 323.1982])
tensor([313.8559, 314.0079, 275.8712, 324.5003, 324.7470, 327.8235, 313.7689,
        277.6624, 339.8412, 338.9745, 320.7137, 332.4669, 305.8070, 340.6833,
        335.2282, 305.7592, 325.1709, 343.5522, 305.9021, 303.4406, 326.3380,
        320.0566, 330.5434, 336.2696, 338.3475, 337.2793, 321.0989, 270.8634,
        317.9115, 330.7558, 335.5811, 334.2146, 340.1267, 338.4879, 294.5129,
        340.7365, 329.7084, 342.2942, 315.4866, 318.4283, 332.0222, 310.8432,
        305.3824, 342.9048, 318.0270, 331.5411, 321.5633, 325.5370, 310.2107,
        274.8927, 325.2622, 303.2727, 309.0742, 342.7799, 340.5205, 266.5846,
        251.6818, 319.6532, 310.9269, 331.3724])
tensor([313.8559, 319.2806, 275.8712, 324.5003, 328.6219, 343.0872, 326.9301,
        277.6624, 345.2232, 338.9745, 320.7137, 337.9482, 305.8070, 340.6833,
        335.2282, 305.7592, 328.6994, 343.5522, 323.7921, 325.7536, 329.0665,
        320.0566, 338.3249, 345.1440, 343.3158, 344.9722, 321.0989, 270.8634,
        321.3858, 330.7558, 344.2551, 334.2146, 340.1267, 338.4879, 323.5792,
        340.7365, 329.7084, 342.2942, 334.7831, 321.2634, 332.0977, 332.5380,
        323.7283, 342.1676, 329.2661, 336.1198, 321.5633, 325.5370, 322.2787,
        274.8927, 325.2622, 303.2727, 309.0742, 342.7799, 340.5205, 321.4861,
        303.6696, 329.3623, 310.9269, 345.0047])
tensor([325.0951, 319.2806, 275.8712, 324.5003, 340.9864, 343.0872, 336.7474,
        277.6624, 345.2232, 346.0587, 320.7137, 337.9482, 314.7957, 344.1602,
        335.2282, 328.4295, 339.7239, 343.5522, 339.9598, 325.7536, 342.9393,
        337.7159, 348.6515, 353.3878, 351.7235, 344.9722, 321.0989, 308.5186,
        321.3858, 330.7558, 347.9193, 339.0562, 340.1267, 338.4879, 332.8767,
        345.1742, 329.7084, 342.2942, 343.4636, 321.2634, 343.7471, 344.7265,
        323.7283, 342.1676, 329.2661, 344.7451, 332.2156, 325.5370, 333.2799,
        310.8726, 333.7431, 303.2727, 309.0742, 346.0623, 340.5205, 321.4861,
        323.8929, 342.6938, 310.9269, 345.0047])
tensor([325.0951, 335.7769, 328.1223, 339.2627, 352.7480, 343.9223, 336.7474,
        313.0663, 352.7632, 354.8557, 320.7137, 342.5265, 327.8007, 344.1602,
        341.3358, 332.4806, 338.4061, 342.8572, 339.9598, 325.7536, 346.6772,
        338.1633, 348.6515, 352.4676, 351.7235, 350.5552, 321.0989, 316.8932,
        321.7133, 330.7558, 347.9193, 339.0562, 340.1267, 347.2935, 332.8767,
        345.1742, 329.7084, 342.2942, 343.4636, 325.3678, 343.7471, 346.6143,
        323.7283, 342.1676, 329.2661, 347.7949, 340.3288, 325.5370, 341.8713,
        310.8726, 342.8626, 303.2727, 309.0742, 346.0623, 343.8965, 321.4861,
        335.7038, 342.6938, 310.9269, 346.0263])
tensor([325.0951, 335.7769, 347.1105, 339.2627, 352.7480, 354.1413, 341.5979,
        333.2498, 355.6055, 354.8557, 337.5430, 354.4594, 327.8007, 344.1602,
        341.3358, 332.4806, 338.4061, 342.8572, 339.9598, 325.7536, 349.9984,
        338.1633, 348.6515, 352.4676, 351.6576, 356.9108, 334.8009, 316.8932,
        336.3218, 344.5018, 347.5549, 339.6688, 348.7318, 358.1035, 338.4032,
        345.1742, 329.7084, 339.6889, 346.2216, 335.5352, 343.7471, 346.6143,
        340.6028, 342.1676, 329.2661, 347.7949, 340.3288, 325.5370, 353.0843,
        331.8416, 342.8626, 332.9249, 309.0742, 355.5009, 343.8965, 345.8015,
        340.9008, 342.6938, 339.4293, 350.3636])
tensor([332.7350, 335.3070, 347.1105, 353.2304, 352.3864, 353.4843, 352.2039,
        333.2498, 362.3212, 357.6084, 337.5430, 355.2940, 327.8007, 344.1602,
        349.6846, 345.1425, 343.0928, 342.8572, 339.9598, 335.8333, 349.9984,
        348.5223, 352.7654, 352.4676, 351.6576, 359.7317, 334.8009, 326.9455,
        336.3218, 348.6155, 353.8735, 339.6688, 348.7318, 359.3999, 340.4466,
        345.1742, 329.7084, 339.6889, 350.3155, 347.9985, 343.7471, 349.3805,
        347.8580, 342.1676, 329.2661, 351.2176, 340.3288, 338.0360, 353.0843,
        331.8416, 342.8626, 346.6450, 309.0742, 355.5009, 343.8965, 345.8015,
        349.6053, 353.5472, 339.4293, 350.3636])
tensor([346.1559, 335.3070, 347.1105, 358.1636, 352.3864, 353.4843, 355.8524,
        344.1110, 362.7756, 357.6084, 349.5411, 355.2940, 339.9867, 343.7984,
        349.6846, 349.7133, 345.7684, 342.8572, 339.9598, 335.8333, 349.9984,
        356.0003, 352.7654, 359.8076, 358.8199, 359.8460, 334.8009, 326.9455,
        336.3218, 352.2004, 353.8735, 349.7875, 356.7173, 361.1010, 351.4351,
        345.1742, 329.7084, 339.6889, 350.3155, 354.7243, 343.7471, 349.3805,
        347.8580, 353.9336, 329.2661, 351.2176, 340.3288, 338.0360, 353.0843,
        338.3730, 352.6813, 354.0599, 330.5718, 356.0007, 348.3839, 345.8015,
        351.2929, 361.3365, 351.0258, 350.3636])
tensor([346.1559, 335.3070, 347.1105, 358.1636, 352.3864, 353.4843, 357.5141,
        344.1110, 365.0233, 358.6629, 349.5411, 358.8963, 351.5038, 348.1548,
        353.8698, 349.7133, 345.7684, 355.8544, 342.2288, 339.2109, 347.5818,
        357.0226, 348.9314, 359.8076, 361.8723, 363.2977, 351.0684, 340.3441,
        336.3218, 352.2004, 355.8836, 352.5727, 356.7173, 361.5322, 351.4351,
        348.0513, 329.7084, 351.7562, 350.3155, 354.7243, 342.7668, 353.4458,
        347.8580, 353.9336, 329.2661, 351.2176, 340.3288, 338.0360, 349.9071,
        338.3730, 357.2986, 354.0599, 338.1138, 358.5133, 348.3839, 345.8015,
        356.5642, 361.3365, 351.0258, 346.9975])
tensor([346.1559, 350.6298, 352.9640, 361.9520, 358.5983, 353.4843, 363.7754,
        344.1110, 367.1113, 363.8222, 349.5411, 358.8963, 352.6957, 355.8917,
        359.9167, 349.7133, 343.6388, 355.8544, 342.2288, 339.2109, 354.4046,
        357.0226, 348.9314, 359.8076, 361.8723, 364.1464, 351.0684, 340.3441,
        336.3218, 352.2004, 359.0948, 352.5727, 356.7173, 361.5322, 355.6613,
        354.7001, 329.7084, 359.5522, 351.6528, 354.7243, 352.5824, 356.9835,
        356.9893, 353.9336, 342.8143, 352.3443, 340.3288, 338.0360, 357.2736,
        338.3730, 360.2847, 356.7249, 338.1138, 358.5133, 351.8040, 353.2397,
        356.5642, 361.5777, 351.0258, 355.3356])
tensor([346.1559, 354.7719, 360.5440, 361.9520, 363.8353, 361.7519, 363.7754,
        341.2722, 367.4450, 363.8222, 352.9875, 361.8461, 352.6957, 361.6613,
        359.9167, 349.7133, 343.6388, 360.1994, 351.9095, 352.7787, 356.7399,
        361.1941, 348.9314, 359.8076, 361.8723, 364.1464, 360.1700, 340.3441,
        336.3218, 360.4608, 359.0948, 352.5727, 356.7173, 364.8992, 358.7605,
        354.7001, 353.5671, 359.5522, 351.6528, 354.7243, 356.9678, 359.5019,
        356.9893, 360.1956, 352.6134, 358.3645, 340.3288, 338.0360, 364.2764,
        350.1772, 360.2847, 356.6725, 346.1252, 358.5133, 351.8040, 353.2397,
        356.5642, 361.5777, 356.8442, 358.6331])
tensor([346.1559, 354.7719, 360.5440, 361.9520, 364.6930, 362.9619, 363.7754,
        341.2722, 367.5685, 363.8222, 355.9009, 361.8461, 355.5338, 361.6613,
        359.9167, 349.7133, 354.4964, 360.1994, 351.9095, 358.4849, 356.7399,
        362.1148, 355.5171, 359.8076, 364.8998, 362.2356, 360.1700, 350.1909,
        342.7956, 361.1907, 356.0288, 352.5727, 356.7173, 368.6283, 361.2536,
        354.7001, 353.5671, 359.8421, 359.0196, 355.4758, 361.5153, 359.5019,
        360.6026, 364.6661, 356.8972, 358.3645, 348.2602, 358.4040, 364.2764,
        352.6303, 360.2847, 356.6725, 346.1252, 362.8050, 353.8829, 353.2397,
        357.4653, 361.5777, 356.8442, 358.6331])
tensor([353.6277, 355.4252, 360.5440, 362.3138, 365.9077, 362.9619, 364.1513,
        341.2722, 368.9110, 363.8222, 355.9009, 361.8461, 360.3441, 360.7047,
        361.9818, 349.7133, 360.4439, 360.1994, 351.9095, 362.0835, 358.7335,
        366.0161, 355.5171, 363.0224, 364.8998, 362.2356, 360.1700, 350.1909,
        347.3579, 361.1907, 358.5830, 352.5727, 356.7173, 368.6283, 365.2543,
        354.7001, 358.6024, 359.8421, 362.0861, 358.2856, 364.7000, 365.0030,
        365.3317, 366.4609, 362.5345, 362.8191, 357.2961, 358.4040, 364.2764,
        358.0536, 360.2847, 356.6725, 346.1252, 362.8050, 353.8829, 356.9370,
        357.4653, 361.5777, 360.2226, 358.6331])
tensor([353.6277, 362.7252, 360.5440, 362.3138, 366.8423, 365.0115, 364.1513,
        341.2722, 369.0780, 364.5195, 358.5111, 361.8461, 364.7356, 361.3957,
        363.5894, 356.3433, 362.3070, 362.9917, 355.5948, 363.8242, 358.7335,
        367.5910, 355.5171, 363.0224, 366.7754, 364.2743, 360.1700, 350.1909,
        352.2174, 361.1907, 359.5002, 360.3618, 356.7173, 368.6283, 365.2543,
        354.7001, 362.5117, 360.2435, 365.4766, 358.2856, 366.1283, 365.0030,
        365.3317, 366.4609, 362.5345, 365.9097, 358.7999, 358.4040, 364.2764,
        358.0536, 362.9696, 356.6725, 346.1252, 363.7543, 362.2684, 356.9370,
        357.4653, 361.5777, 360.2226, 364.0287])
tensor([364.2452, 364.6737, 360.5440, 362.6430, 366.8423, 368.4763, 364.1513,
        357.0985, 370.0380, 364.5195, 358.5111, 361.8461, 364.7356, 363.6171,
        367.9910, 362.9704, 365.1187, 362.9917, 359.3012, 363.8242, 358.7335,
        367.5910, 355.5171, 363.0224, 368.4145, 365.1060, 362.3271, 349.4869,
        352.2174, 363.3439, 360.9636, 360.3618, 356.7173, 368.7445, 363.9066,
        361.5922, 362.5117, 360.2435, 365.4766, 359.0141, 366.1283, 367.6657,
        367.8011, 368.6104, 362.5345, 365.9097, 363.2103, 362.7668, 364.2764,
        358.0536, 362.9696, 359.1613, 346.1252, 363.7543, 365.9154, 356.9370,
        361.1021, 361.5777, 361.6701, 364.0287])
tensor([364.2452, 367.4935, 357.8694, 364.1045, 367.4852, 368.4763, 366.0285,
        357.0985, 371.3745, 367.0985, 358.5111, 361.8461, 364.7356, 367.2014,
        369.8844, 365.1238, 365.1187, 364.6606, 359.3012, 363.8242, 363.9839,
        367.5910, 355.5171, 365.7348, 370.4454, 367.0209, 362.3271, 355.1629,
        352.2174, 364.1808, 362.2416, 364.0083, 358.9129, 368.5441, 367.4491,
        361.5922, 364.9354, 364.6471, 365.4766, 359.0141, 366.1283, 369.8921,
        367.8011, 368.6104, 362.5345, 367.9345, 363.2103, 362.7668, 364.2764,
        358.0536, 362.9696, 364.7005, 346.1252, 366.5269, 369.2812, 357.8095,
        361.1021, 361.5777, 361.6701, 364.0287])
tensor([364.2452, 367.4935, 360.3367, 365.1112, 367.4852, 370.0100, 367.3918,
        357.0985, 372.2446, 367.0985, 358.5111, 361.8461, 364.7356, 367.2014,
        369.8844, 365.1238, 365.1187, 367.0620, 363.5983, 364.4658, 363.9839,
        367.9230, 360.5912, 368.7791, 370.4454, 369.8879, 362.3271, 359.3721,
        352.2174, 364.1808, 366.3394, 364.0083, 363.6527, 368.5441, 367.8536,
        365.8654, 365.9090, 364.6471, 367.3924, 365.2460, 366.1283, 370.7720,
        368.5477, 370.8839, 362.5345, 368.8300, 363.2103, 362.7668, 363.1587,
        358.0536, 365.8626, 366.5705, 357.1715, 366.5269, 369.2812, 361.8983,
        361.1021, 368.0939, 361.6701, 364.0287])
tensor([367.1055, 368.2898, 366.1203, 366.9437, 370.0369, 370.0100, 367.3918,
        357.0985, 372.2446, 368.6803, 366.1060, 363.9996, 364.7356, 367.2014,
        369.8844, 365.3200, 365.1187, 367.0620, 365.1644, 364.4658, 363.9839,
        369.9882, 367.3731, 368.7791, 370.4454, 369.8879, 365.6302, 364.4380,
        352.2174, 364.1808, 369.3879, 364.0083, 367.9042, 368.5441, 368.9694,
        365.8654, 365.9090, 364.6471, 369.1606, 367.0435, 365.8474, 370.7720,
        370.6879, 371.7815, 362.5345, 370.3586, 363.2103, 362.7668, 363.1587,
        358.0536, 367.5705, 366.5705, 362.7303, 368.8424, 369.2812, 367.7050,
        361.9974, 370.0634, 362.7462, 364.0287])
tensor([368.1856, 368.5914, 367.1896, 366.9437, 370.9265, 368.3405, 367.4313,
        358.1730, 372.2446, 368.6803, 366.1060, 365.0371, 360.5273, 367.2014,
        368.3796, 368.8409, 365.1187, 366.5410, 366.2692, 364.4658, 363.9839,
        369.9882, 369.9562, 370.3784, 370.4454, 371.0861, 365.6302, 364.4380,
        352.2174, 364.1808, 369.3879, 364.0083, 368.8588, 368.5441, 368.9694,
        366.8796, 366.3624, 364.6471, 370.1639, 367.0435, 367.5900, 370.7720,
        370.6879, 372.3392, 362.5345, 370.3586, 363.3243, 367.0271, 367.5541,
        358.0536, 367.6362, 366.5705, 366.6350, 368.8424, 369.2812, 367.7050,
        361.9974, 371.1583, 364.2187, 366.2834])
tensor([368.1856, 369.0965, 367.1896, 365.6939, 370.6051, 368.3405, 367.4313,
        358.1730, 371.5788, 368.2398, 369.4017, 365.2307, 360.5273, 367.2014,
        368.3796, 368.8409, 365.4643, 366.5410, 366.2692, 364.4658, 363.9839,
        369.9882, 369.3050, 371.5600, 370.4454, 372.4582, 365.6302, 368.8513,
        360.0820, 365.1138, 369.3879, 366.4344, 368.8588, 368.1093, 368.9694,
        366.8796, 367.0422, 364.6471, 370.8273, 367.0435, 367.5900, 370.7720,
        371.2724, 372.3392, 365.9361, 370.3586, 363.3243, 366.1312, 367.5541,
        358.0536, 366.2850, 368.7715, 368.7251, 368.4485, 365.8980, 367.8338,
        361.9974, 370.9694, 363.0336, 367.6132])
tensor([368.1856, 370.3370, 368.8093, 365.6939, 370.6051, 368.3405, 367.4313,
        358.1730, 371.5788, 368.2398, 369.4017, 369.4343, 362.6835, 367.2014,
        368.4357, 371.2250, 368.2726, 367.1433, 366.2692, 366.5820, 363.9839,
        369.9882, 370.8891, 371.5600, 370.4454, 372.9271, 365.0211, 371.3553,
        362.9600, 368.7764, 366.5257, 366.4344, 367.1152, 368.1093, 368.9694,
        368.8010, 369.6329, 364.6471, 370.8273, 367.9440, 368.0222, 371.8231,
        371.2724, 372.3392, 365.9361, 370.3586, 363.3243, 366.1312, 368.2935,
        358.4497, 369.3990, 368.7715, 370.8562, 370.3487, 365.8980, 369.9108,
        364.0913, 370.9694, 363.0336, 370.0945])
tensor([368.1856, 370.3370, 368.8093, 365.6939, 370.6051, 368.6125, 367.4313,
        366.0158, 371.5788, 368.2398, 370.6685, 369.4343, 362.6835, 367.2014,
        368.4357, 371.8951, 368.2726, 367.1433, 368.1256, 366.5820, 363.9839,
        369.9882, 370.8891, 372.3846, 370.7741, 372.9271, 366.3897, 372.3772,
        365.7711, 370.0908, 366.5257, 366.4344, 368.7941, 369.3553, 367.8225,
        370.1062, 369.6329, 368.3753, 370.8273, 369.5209, 369.4240, 372.6515,
        370.8606, 372.8758, 365.9361, 370.9958, 363.3243, 367.1214, 370.4525,
        358.4497, 370.0912, 368.7715, 370.8562, 370.4763, 367.2068, 369.9108,
        364.6644, 370.9694, 366.6798, 371.4907])
tensor([368.3962, 370.3370, 370.9205, 369.5390, 370.6051, 368.6125, 368.1904,
        366.0158, 371.5788, 370.9160, 371.8699, 370.0384, 362.6835, 369.4128,
        370.1111, 371.8951, 368.8488, 367.1433, 368.1256, 367.9344, 368.0825,
        369.9882, 371.2548, 372.3846, 370.7741, 373.1040, 368.0291, 372.3772,
        368.3894, 371.6677, 366.5257, 369.0868, 368.7941, 369.3553, 367.8225,
        370.6322, 371.6407, 368.3753, 370.8273, 369.5209, 369.0231, 373.1451,
        370.0520, 373.2077, 365.9361, 370.6270, 365.6472, 367.1214, 370.4525,
        358.4497, 371.5408, 369.7270, 370.8562, 371.1194, 367.2068, 369.9108,
        364.6644, 370.9694, 366.6798, 372.0475])
